1
10
1002
10022
10027
10028
10029
10030
10031
100345
100346
100347
100348
100349
100350
100351
100352
100353
100354
100355
100356
100357
100358
100359
100360
100361
100362
100363
100364
100365
100366
100367
100368
100369
100370
100371
100372
100373
100374
100375
100376
100377
100378
100379
100380
100381
100382
100383
100384
100385
100386
100387
100388
100389
100390
100391
100392
100393
100394
100395
100396
100397
100398
100399
100400
100401
100402
100403
100404
100405
100406
100407
100408
100409
100410
100411
100413
100415
100416
100417
100418
100419
100420
100422
100423
100424
100425
100426
100427
100428
100431
100432
100433
100434
100435
100437
100438
100439
100440
100441
100442
100443
100444
100446
100447
100448
100449
100450
100451
100452
100453
100454
100455
100456
100457
100458
100459
100460
100461
100462
100463
100464
100465
100466
100467
100468
100469
100470
100471
100473
100474
100475
100476
100477
100478
100480
100481
100482
100483
100484
100485
100487
100489
100491
100495
100496
100497
100498
100499
100500
100502
100503
100504
100505
100506
100507
100508
100509
100511
100512
100513
100515
100516
100517
100519
100520
100521
100522
100523
100524
100525
100526
100527
100528
100529
100530
100531
100532
100533
100534
100535
100536
100537
100538
100539
100540
100541
100542
100543
100544
100545
100546
100548
100549
100550
100551
100552
100553
100554
100555
100556
100557
100558
100583
100584
100585
100586
100587
100588
100589
100590
100591
100592
100593
100594
100596
100597
100598
100599
100600
100601
100602
100603
100604
100605
100606
100607
100608
100609
100610
100611
100612
100613
100614
100615
100616
100617
100618
100619
100620
100621
100622
100623
100626
100627
100628
100629
100630
100631
100632
100633
100634
100635
100637
100638
100639
100640
100641
100642
100643
100644
100645
100646
100647
100648
100649
100650
100651
100652
100653
100654
100655
100656
100657
100658
100659
100660
100661
100662
100664
100665
100666
100668
100669
100670
100671
100672
100673
100674
100675
100676
100677
100678
100679
100680
100681
100682
100683
100684
100685
100686
100687
100688
100689
100690
100691
100692
100693
100694
100695
100696
100697
100698
100699
100700
100701
100702
100703
100704
100705
100706
100707
100708
100709
100710
100711
100712
100713
100714
100715
100716
100717
100718
100719
100720
100721
100722
100723
100724
100725
100726
100727
100728
100729
100730
100731
100732
100733
100734
100735
100736
100737
100738
100739
100740
100741
100742
100743
100744
100745
100746
100747
100748
100749
10075
100750
10077
10078
10079
10080
10081
10082
10083
10084
100843
10085
10086
10087
100876
10088
10089
10090
10091
10092
10097
10098
10099
101
10100
101006
101007
101008
101009
10101
101010
101011
101012
101013
101014
101015
101016
101017
101018
101019
10102
101020
101021
101022
101023
101024
101025
101026
101027
101028
101029
10103
101030
101031
101032
101033
101034
101035
101037
101038
101039
10104
10105
101092
101126
101127
101128
101133
101139
101141
101148
101155
101159
101162
101164
101165
101186
101187
10120
101200
101204
10121
101218
10122
101221
101222
101229
10123
101235
10124
101249
10125
101253
10126
101261
101262
101266
101267
101269
10127
101273
101275
101277
10128
101280
101281
101283
101284
101285
101287
10129
101291
101292
101296
101297
1013
10130
101300
101304
101306
101307
101308
101309
101313
101317
101319
101320
101321
101323
101324
101325
101326
101327
101328
101329
101330
101331
101332
101333
101351
101352
101354
101355
101356
101357
101358
101359
101360
101361
101362
101363
101364
101365
101366
101367
101368
101370
101371
101372
101374
101375
101376
101377
101378
101379
101381
101382
101383
101384
101385
101386
101387
101388
101389
101390
101391
101393
101394
101396
101397
101398
101399
1014
101402
101403
101404
101405
101406
101407
101409
101410
101411
101412
101414
101415
101416
101418
101419
101421
101422
101423
101424
101425
101426
101427
101428
101429
101430
101431
101432
101433
101434
101436
101437
101438
101439
101440
101441
101442
101443
101444
101445
101446
101447
101448
101449
101450
101451
101452
101453
101454
101455
101456
101457
101458
101459
101460
101461
101462
101463
101464
101465
101466
101467
101468
101469
101470
101471
101472
101473
101474
101475
101476
101477
101478
101479
101480
101481
101482
101483
101484
101485
101486
101487
101488
101489
101490
101491
101492
101493
101494
101495
101496
101497
101498
101499
1015
101500
101501
101502
101503
101504
101505
101506
101507
101508
101509
101510
101511
101512
101513
101514
101515
101516
101517
101518
101519
101520
101521
101522
101523
101524
101525
101526
101527
101528
101529
101530
101531
101532
101533
101534
101535
101536
101537
101538
101539
101540
101541
101543
101544
101545
101546
101547
101548
101549
101550
101551
101552
101553
101554
101555
101556
101557
101558
101559
101560
101561
101562
101563
101564
101565
101566
101567
101568
101569
101570
101571
101572
101573
101574
101575
101576
101577
101578
101579
101580
101581
101582
101583
101584
101585
101586
101587
101588
101589
101590
101591
101592
101593
101594
101595
101619
101620
101621
101622
101623
101624
101625
101626
101627
101629
101630
101631
101632
101633
101634
101635
101637
101638
101639
1017
101729
1018
101839
1019
102
1020
1021
102193
1022
102230
102267
102272
102273
102274
102275
102276
102277
102278
102279
102280
102283
102284
102285
102286
102287
102288
102290
102291
102292
102293
102294
102295
102297
102298
102299
1023
102300
102301
102302
102303
102305
102306
102307
102308
102309
102310
102311
102312
102313
102314
102315
102316
102317
102318
102319
102320
102322
102323
102324
102325
102326
102327
102329
102330
102331
102332
102333
102334
102336
102337
102338
102339
102340
102341
102342
102343
102344
102345
102346
102347
102348
102349
102350
102351
102352
102353
102355
102356
102357
102358
102359
102360
102361
102362
102363
102364
102365
102366
102367
102368
102369
102370
102371
102372
102374
102375
102376
102377
102378
102379
102380
102381
102382
102383
102384
102385
102387
102388
102389
102390
102391
102392
102393
102394
102396
102397
102398
102399
1024
102400
102401
102402
102403
102405
102406
102407
102408
102409
102410
102411
102412
102413
102414
102415
102416
102417
102418
102419
102420
102421
102422
102423
102424
102425
102426
102427
102428
102429
102430
102431
102432
102433
102434
102435
102436
102437
102438
102439
102440
102441
102442
102443
102444
102445
102447
102448
102474
1025
102509
102516
102517
102518
102519
102520
102521
102522
102523
102524
102525
102526
102527
102528
102529
102530
102531
102532
102533
102676
102677
102678
1027
102715
102769
102770
10278
10279
1028
102855
1029
102918
103
10302
10303
10305
10306
10308
10309
10310
103116
103119
103121
103122
103123
103124
103125
10313
10314
103149
10315
103157
103158
103159
103169
103179
103181
103183
103184
103185
103186
103188
103189
103190
103191
103192
103193
103194
103195
103196
103197
103198
103199
1032
103200
103201
103202
103203
103204
103205
103206
103207
103208
103209
103211
103212
103214
103215
103216
103218
103219
103220
103221
103222
103223
103224
103225
103227
103228
103230
103232
103233
103235
103236
103237
103239
103240
103241
103242
103243
103244
103245
103246
103247
103248
103249
103250
103251
103252
103253
103254
103255
103256
103257
103258
103259
103260
103262
103263
103264
103265
103267
103268
103269
103270
103271
103272
103273
103274
103275
103276
103277
103278
103279
103280
103281
103282
103283
103285
103286
103287
103288
103289
103290
103291
103293
103294
103295
103296
103298
103299
1033
103300
103301
103302
103303
103304
103305
103308
103309
103310
103311
103313
103314
103315
103316
103317
103318
103320
103321
103322
103323
103326
103327
103328
103329
103330
103331
103332
103334
103335
103336
103337
103338
103339
103340
103341
103342
103343
103344
103345
103346
103347
103350
103351
103352
103353
103354
103355
103356
103357
103358
103359
103360
103361
103362
103363
103364
103365
103366
103367
103368
103369
103370
103371
103372
103373
103374
103375
103376
103377
103378
103379
103380
103381
103382
103383
103384
103385
103386
103387
103388
103389
103390
103391
103392
103393
103394
103395
103396
103397
103398
103399
103400
103401
103402
103403
103404
103405
103406
103407
103408
103409
10341
103410
103411
103412
103413
103414
103415
103416
103417
103418
103419
103420
103421
103422
103423
103424
103425
103426
103427
103428
103429
103430
103431
103432
103433
103434
103435
103436
103437
103438
103439
103440
103441
103442
103443
103444
103446
103447
103448
103449
103450
103451
103452
103453
103454
103455
103457
103458
103459
103460
103461
103462
103463
103464
103465
103466
103467
103468
103469
103470
103471
103472
103473
103474
103475
103476
103477
103478
103479
103480
103481
103482
103483
103484
103485
103486
103487
103488
103489
103490
103491
103492
103493
103494
103495
103496
103497
103498
103499
1035
103500
103501
103502
103503
103504
103505
103506
103507
103508
103509
103510
103511
103512
103513
103515
103517
103519
103520
103521
103522
103523
103524
103525
103526
103527
103528
103529
103530
103531
103532
103533
103534
103535
103536
103538
103539
103540
103541
103542
103543
103544
103545
103546
103547
103548
103549
103550
103551
103552
103553
103554
103555
103557
103558
103560
103561
103563
103564
103565
103566
103567
103568
103569
103570
103571
103572
103573
103574
103576
103577
103578
103579
103580
103581
103582
103583
103584
103585
103586
103587
103588
103589
103590
103591
103592
103593
103594
103595
103596
103597
103598
103599
1036
103600
103602
103605
103609
103619
103669
103672
103739
103740
103753
103786
1038
103820
103864
103869
1039
10395
10397
10398
1040
104005
1041
104120
104130
104144
104185
104199
1042
104200
104201
104202
104203
104204
104205
104206
104207
104208
104209
104210
104211
104213
104214
104215
104216
104218
104219
104220
104221
104222
104223
104224
104225
104226
104227
104228
104229
104230
104232
104233
104234
104235
104236
104237
104238
104239
104240
104241
104242
104243
104244
104245
104246
104247
104248
104249
104250
104251
104252
104253
104254
104255
104256
104258
104259
104260
104261
104262
104263
104264
104265
104266
104267
104268
104269
10427
104270
104271
104272
104273
104274
104275
104276
104277
104278
104279
104280
104281
104282
104283
104284
104286
104287
104288
104289
104290
104291
104292
104293
104294
104295
104296
104297
104298
104299
1043
104300
104301
104302
104303
104304
104305
104307
104308
104309
104310
104311
104312
104313
104314
104315
104316
104317
104318
104319
104320
104322
104323
104325
104326
104327
104328
104342
104350
104351
104352
104353
104354
104355
104356
104357
104358
104359
104360
104361
104362
104363
104364
104365
104366
104367
104368
104369
104370
104371
104372
104374
104375
104376
104377
104378
104379
104380
104381
104382
104383
104384
104385
104386
104387
104388
104389
104390
104391
104394
104395
104396
104397
104398
104399
1044
104400
104401
104402
104403
104404
104406
104407
104408
1045
1046
10493
10498
1054
10540
1055
1056
1058
106
10609
10645
10682
10683
1084
10843
108467
108468
108469
10847
108470
108471
108472
108473
108474
108475
108476
108477
108478
108479
108480
108482
108483
108488
108489
10849
108490
108491
108492
108493
108494
108495
1085
10850
108500
108504
108507
108509
10851
108513
108515
108516
108517
108518
108519
10852
108522
108523
108524
108529
10853
108530
108532
108533
108535
108536
108537
108538
108539
10854
108540
108541
108542
108543
108544
108545
108546
108547
108548
108549
108550
108551
108552
108553
108554
108555
108556
108557
108558
108559
10856
108560
108561
108562
108563
108564
108565
108566
108567
108568
108569
108570
108572
108573
108574
108575
108576
108577
108578
108579
108580
108581
108582
108583
108584
108585
108586
108587
108588
108589
108591
108592
108593
108594
108595
108596
108597
108598
108599
1086
108601
108602
108603
108604
108605
108606
108607
108608
108609
108610
108611
108612
108613
108614
108615
108616
108617
108618
108619
108620
108621
108622
108623
108624
108625
108626
108627
108629
108631
108632
108633
108634
108635
108636
108637
108638
108639
108640
108641
108642
108643
108644
108645
108646
108647
108648
108649
108651
108654
108655
108656
108657
108659
108660
108662
108663
108664
108665
108666
108667
108668
108669
108670
108672
108673
108674
108675
108676
108677
108678
108679
108680
108684
108685
108686
108688
108689
108690
108691
108698
108699
1087
108700
108701
108703
108704
108708
108709
108710
108711
108714
108715
108717
108726
108729
108733
108734
108741
108746
108747
108751
108756
108786
108806
108807
108808
108818
108819
108820
108821
108822
108823
108824
108826
108843
108869
108901
108902
109082
109090
1092
10927
10935
109413
109431
109439
109441
109444
109445
109446
109447
109448
109449
109450
109451
109452
109453
109454
109455
109456
109457
109458
109459
109460
109461
109462
109465
109466
109467
109468
109469
109470
109471
109472
109473
109474
109475
109476
109477
109478
109479
109480
109481
109482
109483
109484
109485
109486
109487
109488
109489
109492
109494
109495
109496
109498
109499
109500
109502
109521
109527
109528
109529
109531
109532
109533
109535
109536
109538
109539
109542
109543
109544
109545
109546
109548
109549
109550
109551
109552
109554
109555
109556
109557
109558
109560
109561
109562
109563
109564
109565
109566
109569
109570
109571
109572
109575
109578
109579
109580
109582
109583
109585
109586
109587
109588
109589
109590
109591
109592
109593
109594
109595
109596
109597
109598
109599
109602
109603
109606
109611
109612
109613
109614
109615
109616
109618
109620
109621
109622
109625
109626
109627
109628
109629
109630
109631
109632
109633
109634
109635
109636
109637
109639
109640
109641
109643
109645
109646
109650
109651
109652
109654
109655
109656
109657
109658
109660
109661
109662
109664
109668
109669
109670
109671
109672
109673
109674
109676
109677
109678
109679
109680
109681
109683
109684
109685
109687
109688
109689
109690
109691
109692
109693
109694
109695
109696
109697
109698
109699
109700
109701
109702
109704
109705
109706
109708
109709
109710
109711
109712
109713
109715
109717
109718
109719
109720
109721
109722
109723
109726
109727
109728
109729
109730
109731
109732
109733
109734
109735
109737
109738
109739
109741
109743
109744
109745
109746
109747
109748
109749
109750
109751
109752
109753
109754
109755
109756
109757
109758
109759
109760
109761
109762
109763
109764
109765
109766
109767
109768
109770
109771
109773
109774
109775
109776
109777
109778
109779
109780
109781
109782
109783
109784
109786
109787
109788
109789
109791
109792
109793
109795
109796
109797
109798
109799
109800
109801
109802
109803
109804
109805
109806
109807
109808
109809
109810
109812
109813
109814
109815
109816
109817
109818
109820
109821
109822
109823
109825
109826
109827
109828
109829
109830
109831
109832
109833
109834
109835
109836
109837
109838
109839
10984
109840
109841
109843
109844
109845
109846
109847
109848
109849
109850
109852
109853
109854
109855
109856
109857
109858
109859
10986
109860
109861
109862
109863
109864
109865
109866
109867
109868
109869
109870
109871
109872
109873
109874
109875
109876
109877
109878
109879
10988
109880
109881
109882
109883
109884
109885
109887
109888
109889
109890
109891
109892
109893
109894
109896
109897
109898
10990
109900
109901
109902
109903
109904
109905
109906
109907
109908
109909
109910
109911
109912
109913
109915
109916
109917
109918
109919
10992
109920
109921
109922
109923
109924
109925
109926
109927
109928
109929
109930
109931
109932
109933
109934
109935
109936
109937
109938
109939
10994
109940
109941
109942
109943
109944
109945
109946
109947
109948
109949
10995
109950
109951
109952
109953
109954
109955
109956
109957
109958
109959
10996
109960
109961
109962
109963
109964
109965
109966
109967
109968
109969
10997
109970
109971
109972
109973
109974
109975
109976
109977
109978
109979
10998
109980
109981
109982
109983
109984
109985
109986
109987
109988
109989
109990
109991
109992
109993
109994
109996
109997
109998
109999
11
110002
110003
110010
110048
110058
110089
110091
110158
110166
110167
110230
110449
110466
110591
110592
110593
110594
110595
110596
110597
110599
110600
110601
110608
110609
110619
110632
110634
110635
110636
110637
110641
110644
110645
110646
110647
110648
110650
110651
110652
110653
110654
110655
110656
110657
110658
110659
110660
110661
110662
110664
110665
110666
110667
110668
110669
110670
110671
110672
110673
110674
110675
110676
110677
110678
110679
110680
110681
110682
110683
110684
110685
110686
110687
110688
110689
110690
110691
110692
110693
110694
110695
110696
110697
110698
110699
110700
110701
110702
110703
110704
110705
110706
110707
110708
110709
110710
110711
110712
110713
110714
110715
110716
110717
110718
110719
110720
110721
110722
110724
110725
110726
110727
110728
110729
110730
110731
110733
110734
110735
110736
110737
110738
110739
110740
110741
110742
110743
110744
110745
110746
110747
110748
110749
110750
110751
110752
110753
110754
110755
110756
110757
110758
110759
110760
110761
110762
110763
110764
110765
110766
110767
110768
110769
110770
110771
110772
110773
110774
110775
110776
110777
110778
110779
110780
110781
110782
110783
110784
110785
110786
110787
110789
110790
110791
110792
110793
110794
110795
110796
110797
110798
110799
110800
110801
110802
110804
110805
110806
110807
110808
110809
110810
110811
110812
110813
110814
110815
110816
110817
110818
110819
110820
110821
110822
110823
110824
110825
110826
110827
110828
110829
110830
110832
110833
110834
110835
110836
110837
110838
110839
110840
110841
110842
110843
110844
110845
110846
110847
110848
110849
110850
110851
110852
110853
110854
110855
110856
110857
110858
110859
110861
110862
110863
110864
110865
110866
110867
110868
110869
110870
110871
110872
110873
110874
110875
110876
110877
110878
110879
110880
110881
110882
110883
110884
110885
110886
110887
110888
110889
110890
110891
110892
110893
110894
110895
110896
110897
110898
110899
110900
110901
110902
110903
110904
110905
110906
110907
110908
110909
110910
110911
110912
110913
110914
110915
110916
110917
110918
110919
110920
110922
110923
110924
110925
110926
110927
110928
110929
110930
110931
110933
110934
110935
110936
110937
110938
110939
110940
110941
110942
110943
110944
110945
110946
110947
110948
110949
110950
110951
110952
110953
110954
110955
110956
110957
110958
110959
110960
110961
110962
110963
110964
110965
110966
110967
110968
110969
110970
110971
110973
110974
110975
110976
110977
110978
110979
110980
110981
110983
110984
110985
110986
110987
110988
110989
110990
110991
110992
110993
110994
110995
110996
110997
110998
110999
111
111000
111001
111002
111003
111004
111005
111006
111008
111009
111010
111011
111012
111013
111014
111015
111016
111017
111018
111019
111020
111021
111022
111023
111024
111025
111026
111027
111028
111029
111030
111031
111032
111033
111034
111035
111036
111037
111038
111039
111040
111041
111042
111043
111045
111047
111048
111049
111050
111051
111052
111053
111054
111055
111056
111057
111058
111059
111060
111061
111062
111063
111064
111065
111066
111067
111068
111069
111070
111071
111072
111073
111074
111075
111076
111077
111078
111079
111081
111082
111083
111084
111085
111086
111087
111088
111089
111090
111091
111093
111094
111095
111096
111097
111098
111099
111100
111101
111102
111103
111104
111105
111106
111107
111108
111109
111110
111111
111112
111113
111114
111115
111116
111117
111118
111119
111120
111121
111122
111123
111124
111125
111126
111127
111128
111129
111130
111131
111132
111133
111134
111135
111136
111137
111138
111139
111140
111141
111142
111143
111144
111145
111146
111147
111148
111149
111150
111151
111152
111153
111154
111155
111156
111157
111158
111159
111160
111161
111162
111163
111164
111165
111167
111168
111170
111171
111172
111173
111174
111175
111176
111177
111178
111179
111180
111181
111183
111184
111185
111186
111187
111188
111189
111190
111191
111192
111193
111194
111195
111196
111197
111198
111199
111200
111201
111202
111203
111204
111205
111206
111207
111208
111209
111210
111211
111212
111213
111214
111215
111216
111217
111218
111219
111220
111221
111222
111223
111224
111225
111226
111227
111228
111229
111230
111231
111232
111233
111235
111236
111237
111238
111239
111240
111241
111242
111243
111244
111245
111246
111247
111248
111249
111250
111251
111252
111253
111254
111255
111256
111257
111258
111259
111260
111261
111262
111263
111264
111265
111266
111267
111268
111269
111270
111271
111272
111273
111274
111275
111276
111277
111278
111279
111280
111281
111282
111283
111284
111285
111286
111287
111288
111289
111290
111291
111292
111293
111294
111295
111296
111297
111299
111300
111301
111302
111303
111304
111305
111306
111307
111308
111309
111310
111311
111312
111313
111314
111315
111316
111317
111318
111319
111320
111321
111323
111324
111325
111326
111327
111328
111329
111330
111331
111332
111333
111334
111335
111336
111337
111339
111340
111341
111342
111343
111344
111345
111346
111347
111348
111349
111350
111351
111352
111353
111354
111355
111356
111357
111358
111359
111360
111361
111362
111363
111364
111365
111366
111367
111368
111369
111370
111371
111372
111373
111374
111375
111376
111377
111378
111379
111380
111381
111382
111383
111384
111385
111386
111387
111388
111389
111390
111391
111392
111393
111394
111395
111396
111397
111398
111399
111400
111401
111402
111403
111404
111405
111406
111407
111408
111409
111410
111411
111412
111413
111414
111415
111416
111417
111418
111419
111420
111421
111422
111423
111424
111425
111426
111427
111428
111429
111430
111431
111432
111433
111434
111435
111436
111437
111438
111439
111440
111441
111442
111443
111444
111445
111446
111447
111448
111449
111450
111451
111452
111453
111454
111455
111456
111457
111458
111459
111460
111461
111462
111463
111464
111465
111466
111467
111468
111469
111470
111471
111472
111473
111475
111476
111477
111478
111480
111513
111551
111566
111567
111568
111569
111570
111659
111662
111664
1117
1118
112
11206
11208
11209
11212
11213
11214
11216
11217
112339
112340
112341
112342
112343
112344
112345
112346
112347
112348
112349
112350
112352
112353
112354
112355
112356
112357
112358
112359
112360
112361
112362
112363
112364
112365
112366
112367
112368
112369
112370
112371
112372
112373
112374
112375
112376
112377
112378
112379
112380
112381
112382
112383
112384
112385
112386
112387
112388
112389
112390
112391
112392
112393
112394
112395
112396
112397
112398
112399
112400
112401
112402
112403
112404
112405
112406
112407
112408
112409
112410
112411
112412
112413
112414
112415
112416
112417
112418
112419
112420
112422
112425
112426
112427
112428
112433
112434
112441
112474
112475
112510
112540
112593
112602
112611
112615
112628
112641
112659
112660
112665
112668
112685
112686
112697
112702
112718
112720
112725
112736
112741
112748
112757
112761
112766
112770
112788
112803
112826
112843
112853
112859
112861
112872
112881
112888
112891
112930
112931
112933
112944
112945
112946
112947
112948
112949
112950
112951
112952
112953
112954
112955
112956
112957
112958
112959
112960
112961
112962
112963
112964
112965
112966
112967
112968
112969
112970
112975
112977
112978
112979
112980
112981
112982
112983
112984
112985
112986
112987
112988
112989
112990
112991
112992
112993
112994
112995
112996
112997
112998
112999
113
113000
113002
113003
113004
113005
113006
113007
113008
113009
113010
113011
113012
113013
113014
113015
113016
113017
113018
113019
113020
113021
113022
113023
113024
113025
113026
113027
113028
113029
113030
113031
113032
113033
113034
113035
113036
113037
113038
113039
113040
113041
113042
113043
113044
113045
113046
113047
113048
113049
113050
113051
113052
113053
113054
113055
113056
113057
113058
113059
113060
113061
113062
113063
113064
113065
113066
113067
113068
113069
113070
113071
113072
113073
113074
113075
113076
113077
113078
113079
113080
113081
113082
113083
113084
113085
113086
113087
113088
113089
113090
113091
113092
113093
113094
113095
113096
113097
113098
113099
113100
113101
113102
113103
113104
113105
113106
113107
113108
113109
113110
113111
113112
113113
113114
113115
113116
113118
113119
113120
113121
113122
113123
113125
113126
113127
113128
113129
113130
113131
113132
113133
113134
113135
113136
113137
113138
113139
113140
113141
113142
113143
113144
113145
113146
113203
113231
113236
113246
113248
113299
113318
113342
113427
1136
113615
1137
113704
113751
113975
113976
114
1141
1143
114433
114473
114819
115
115024
115096
115136
1153
115341
115564
115681
115702
115825
115827
115909
115971
115999
116
116043
116046
116059
116154
116320
1164
116404
116534
116590
116596
1167
116766
116953
117
1170
117023
117031
117168
117169
117170
117199
117233
117367
117368
117374
117381
117382
117383
117384
117385
117387
117388
117389
117390
117391
117392
117394
117395
117396
117397
117398
117399
117400
117401
117402
117403
117404
117405
117407
117409
117410
117411
117412
117413
117414
117416
117417
117418
117420
117421
117422
117423
117424
117425
117426
117427
117428
117429
117430
117433
117434
117435
117436
117437
117438
117439
117440
117441
117442
117443
117444
117447
117449
117451
117453
117454
117455
117457
117458
117459
117460
117461
117462
117464
117465
117467
117469
117472
117473
117476
117480
117481
117485
117500
117510
117570
117575
1176
117631
117697
1177
1178
1179
117952
118
1180
118131
1182
118248
118294
118315
118374
1184
118403
118423
1185
118516
118530
118531
118565
118571
118572
118573
118574
118575
118679
1187
118701
118708
118709
118718
118722
118724
118725
118729
118734
118735
118736
118738
118742
118747
118751
118752
118753
118757
118759
118760
118761
118768
118772
118779
118784
118785
118788
1188
118803
118806
118816
118824
118831
118839
118841
118848
118849
118854
118870
118877
118882
118886
118888
118891
118894
118896
118897
1189
118900
118910
118917
118921
118922
118924
118927
118947
118950
118951
118960
118962
118968
118971
118983
118993
119
1190
119002
119003
119006
119010
119027
119036
119049
119063
119068
119075
119086
119101
119103
119117
119124
119152
119153
119246
119335
119462
1196
1197
119739
1198
119860
119898
1199
119900
119919
119950
119970
119986
12
120
120169
120264
120303
120344
120413
120464
120505
120527
120528
120529
120530
120531
120532
120533
120534
120535
120536
120537
120538
120539
120540
120541
120542
120543
120544
120547
120549
120550
120551
120552
120553
120554
120555
120556
120557
120558
120560
120561
120562
120563
120564
120565
120566
120567
120568
120569
120570
120571
120572
120574
120575
120576
120577
120578
120579
120580
120581
120582
120583
120584
120585
120586
120587
120588
120590
120591
120592
120593
120594
120595
120596
120597
120598
120599
120600
120601
120602
120603
120604
120605
120606
120607
120608
120610
120612
120613
120614
120615
120616
120617
120618
120619
120620
120621
120623
120624
120625
120626
120627
120628
120630
120632
120633
120634
120635
120636
120637
120638
120639
120640
120641
120642
120644
120645
120646
120647
120648
120649
120650
120651
120653
120654
120655
120656
120657
120658
120659
120660
120662
120663
120664
120665
120666
120667
120668
120669
120670
120671
120672
120673
120674
120675
120676
120677
120678
120679
120681
120682
120683
120684
120685
120686
120687
120688
120689
120690
120691
120692
120693
120694
120695
120697
120698
120699
1207
120700
120701
120702
120703
120704
120707
120708
120709
120710
120711
120712
120715
120716
120717
120718
120719
120720
120722
120723
120724
120726
120728
120729
120730
120731
120733
120741
120742
120744
120746
120747
120748
120752
120792
1208
120814
120890
1209
120938
121
1210
1212
1213
1214
1215
1216
1217
1219
122
1220
1221
1222
1224
1226
12273
1228
1229
123
1230
1231
1233
1234
1235
12358
12359
1236
12360
12361
12362
12363
12364
1237
124
1242
1243
1244
1246
1248
1249
125
1250
1251
1252
1253
1254
1255
1256
1257
12697
12698
127
12707
128
1286
1287
1288
1289
129
1290
12903
12904
12905
12906
12907
12908
1291
1292
1293
12936
1294
1296
1297
1298
1299
13
1300
1301
1302
1303
1304
1305
1306
1307
131
13101
1313
13136
1314
13154
13155
13156
13157
13158
1316
13165
13166
13167
13168
13170
13171
13172
13173
13175
13176
13177
13179
13181
13182
13186
13187
13188
13189
13196
13199
132
13209
13214
1329
133
1332
1335
1336
1337
1338
13387
134
1341
13419
1346
135
1359
136
1362
1364
1365
1367
1368
137
1372
1373
1375
1376
1377
1378
1379
138
1381
1382
1384
1388
1389
139
1390
1391
1392
1393
1394
1396
1397
14
140
1400
1401
1403
1407
1408
141
1414
1415
1416
1418
1419
142
1420
1421
1422
1423
1424
1429
143
1430
1436
1438
1439
144
1442
1443
1444
1446
1448
1449
1450
1451
1453
1455
1456
1457
1458
1459
146
1460
14604
14605
14606
14607
14608
14609
1461
14610
14611
14612
14613
14614
14615
14616
14617
14618
14619
1462
14620
14621
14622
14623
14624
14625
14626
14627
1463
1464
1465
1469
147
1470
14717
1472
14725
1473
1474
1478
14798
14799
1480
1481
1482
1483
1484
1485
1486
1487
1488
14897
149
1490
1491
1492
1493
14941
1497
1498
1499
150
1500
1502
1503
1504
1505
1506
1507
1508
151
1510
1512
1513
1514
1515
1516
1517
1518
1519
152
15255
1528
1529
153
1530
1531
1532
1533
1534
1535
1536
1537
1538
1539
1541
1542
1543
1544
1545
1547
1548
1549
155
1550
1551
1552
1553
1555
1556
156
1564
1565
1566
1567
157
1571
1572
1573
1574
1575
1576
1579
158
1581
1582
1583
1587
1589
159
1590
1591
1593
1597
16
1600
1604
1605
1606
1607
1608
161
1610
1614
1615
1616
1617
1618
1619
162
1620
1621
1623
1624
1625
1626
1627
1628
1629
1630
1632
1633
1634
1637
1638
1639
1640
1641
1642
1643
1644
1645
1646
1647
1648
1649
1650
1651
1652
1653
1654
1655
1658
1659
166
1660
167
1672
1673
1674
1675
1676
1677
1678
1679
168
1680
1681
1682
1683
1684
1685
1686
1687
1689
169
1690
1692
1693
1694
1695
1696
1697
1698
1699
170
1700
1701
1703
1704
1705
1706
1707
1708
1709
171
1710
1712
1713
1714
1716
1717
1718
1719
172
1720
1721
1722
1723
1725
1726
1727
1728
1729
173
1730
1731
1734
1735
1736
1739
174
1741
1743
1744
1745
1746
1747
1748
1749
175
1751
1752
1753
1755
1756
1758
1759
176
1761
1762
1763
1764
1765
1766
1768
177
1770
1774
1775
178
1781
1782
1783
1784
1785
1788
179
1793
1795
1796
1797
1798
18
1800
1801
1805
1808
1809
181
1810
1811
1812
1814
1816
1817
1819
182
1820
1821
1823
1824
1827
1828
1829
1831
1835
1836
1838
1839
1841
1842
1843
1844
1849
185
1851
1854
1860
1861
1862
1863
1866
1867
1868
1869
187
1870
1872
1873
1879
1880
1881
1882
1883
1884
1885
1887
1888
1889
189
1891
1893
1894
1895
1896
1897
1898
1899
19
190
1900
1902
1903
1904
1905
1906
1907
1908
191
1911
1912
1914
1915
1916
1917
1918
192
1934
1935
1938
1939
194
1940
1941
1942
1943
1944
1945
1946
1947
195
1950
1951
1953
1954
1955
1956
1957
1958
1959
196
1960
1961
1962
1963
1965
1966
1967
1968
197
1970
1971
1972
1973
1974
1976
1977
1978
1979
198
1980
1981
1982
1983
1984
1986
1987
1999
2
2000
2002
2003
2004
2005
2007
2009
201
2010
2012
2013
2014
2015
2017
2018
2019
202
2020
2022
2023
2024
2025
2026
2027
2029
203
2030
2031
2032
2033
2034
2035
2036
204
2040
2044
2048
2049
2051
2052
2053
2054
206
2067
2068
2069
2070
2071
2072
2073
2074
2075
2076
2077
2078
2079
208
2080
2082
2083
2084
2085
2086
2087
2088
2090
2091
2096
2097
2098
2099
21
210
2100
2101
2102
2103
2104
2105
2106
2107
2108
2109
2110
2111
2112
2113
2114
2115
2116
2117
2118
2119
2120
2122
2123
2124
2125
2126
2127
2128
2129
213
2130
2131
2132
2133
2134
2135
2136
2137
2138
2139
2140
2141
2142
2143
2144
2145
2146
2147
2149
215
2150
2151
2152
2153
2154
2155
2156
2157
2158
2159
216
2160
2161
2162
2163
2164
2165
2167
2168
2169
217
2170
2171
2174
2176
2177
2178
2179
218
2180
2183
2184
2185
2186
2188
2189
219
2190
2192
2194
2195
2196
2197
2198
2199
22
220
2200
2201
2202
2203
2204
2205
2206
2208
2209
221
2210
2213
2214
2215
2216
2217
2218
222
2220
2221
2222
2223
2224
2226
2227
2228
223
2230
2231
2233
2234
2237
2238
2239
224
2240
2241
2242
2243
2244
2245
2246
2249
225
2250
2251
2252
2254
2255
2256
2257
2258
2259
226
2260
2261
2262
2263
2264
2265
2266
2267
2268
2269
227
2270
2271
2272
2273
2274
2275
2277
2278
228
2280
2289
229
2290
2291
2292
2293
2294
2295
2296
2297
2298
2299
23
230
2301
2302
2303
2304
2307
2308
2309
2310
2311
23145
2317
232
2320
2323
2324
233
2336
234
2340
2342
235
2359
236
2363
2367
2368
2369
237
2370
2371
2376
2379
238
2380
2381
2382
2385
2386
2387
2389
239
2390
2392
2393
2394
2395
2397
2398
2399
24
240
2400
2401
2402
2403
2404
2405
2406
2407
2408
2409
2410
2411
2413
2414
2415
2416
2417
2418
242
2420
2421
2423
2424
2429
243
2430
2432
2433
2434
2435
2436
2437
2438
244
24408
2442
2443
2444
2446
2456
2457
2458
2459
2460
2461
2463
2466
2467
2468
2469
2470
2471
2472
2473
2474
2475
2476
2477
2478
2479
2480
2481
2482
2483
2484
25
250
251
252
2521
2522
2523
2525
2528
2529
253
2530
2532
2533
2534
2539
254
2540
2541
2547
255
2556
2560
2561
2562
2563
2564
2565
2566
2568
257
2570
2571
2573
2574
2575
2576
2577
2579
258
2580
2581
2582
2583
2584
2585
2586
2587
2588
2589
2590
2591
2592
2594
2595
2596
2599
26
260
2600
2609
261
2610
2611
2612
2614
2615
2616
2617
2618
262
2620
2621
2624
2625
2626
2629
2630
2632
2633
2635
2637
2638
2639
264
2640
2642
2643
265
2653
2656
2658
2659
266
2660
2661
2662
2663
2665
2669
267
268
2680
269
2690
2691
2696
2698
270
2700
2702
2703
2704
2705
2706
2719
272
2720
273
2737
2739
2740
2741
2742
2743
2744
2745
2746
2747
2748
275
2752
2754
2755
2756
2757
2758
2760
2761
2762
2763
2764
2767
277
2770
2771
2773
2774
2776
2778
278
2781
2782
2783
2787
2788
279
2791
2792
280
2802
2803
282
2841
2845
285
28500
2883
2885
289
290
2920
2922
2923
2924
2925
2926
2927
2928
2929
293
2932
2934
2935
2936
2937
2938
2939
294
2940
2941
2944
2947
2948
2949
295
2953
2956
2957
2958
296
2961
2966
2967
2968
2969
297
2974
2975
2976
2977
2978
2979
298
2980
2981
2982
2983
2984
2985
2986
2987
2988
2989
299
2990
2991
3
300
3004
3005
3006
3007
302
3030
304
305
306
3068
307
3090
3091
3102
3103
3104
3105
3106
3107
3108
3109
311
3110
3111
3113
31232
3126
3127
3128
3141
3154
316
318
319
320
321
322
3227
3229
323
3230
3231
3232
3235
3237
324
3241
3242
325
3251
326
3262
3265
3266
3274
3286
329
32904
32905
32982
32984
32988
331
3312
3313
332
3320
3321
3322
3323
3324
3325
3326
3327
3328
3329
3344
335
336
337
3375
3376
3377
3378
338
3383
340
342
3429
344
3456
3466
3467
34683
34686
34687
34688
34690
34691
34692
34694
34695
34696
34713
34744
34745
34773
34774
34779
34780
34782
34783
34785
34788
348
34832
34833
34834
34835
34837
34838
34840
34841
34842
34843
349
34921
34966
34967
34968
34969
34970
34971
34972
34973
34974
34975
34976
34977
34978
34979
34980
35053
35080
35150
35163
3517
352
3522
35222
35223
35224
35225
35226
35227
35228
35229
3523
35230
35231
35232
35233
35234
35235
35236
35237
35238
35239
3524
3525
3526
3527
35271
3528
35296
353
3530
3531
3532
35389
354
357
3572
3573
3574
3578
358
3580
3581
3582
3585
3586
359
361
36191
36192
362
363
36345
36370
364
365
36547
366
367
36714
36715
36719
36720
368
36838
36839
36840
36841
36842
36843
36844
36845
36846
36847
36848
36849
36850
36851
36852
36853
36854
36856
36899
369
36900
36902
36904
36905
36906
36909
36910
36933
36934
36935
36937
36938
36939
36940
36942
36943
36970
370
37035
37036
37038
3704
37040
371
37118
37119
37120
37121
37144
37145
37146
37147
37152
372
373
37327
37389
374
3742
3743
3744
3745
3746
3747
3748
3749
375
3750
3751
37514
3752
3755
3757
376
3767
3769
377
3774
3779
378
3780
3781
3782
379
3792
3793
3794
3795
38
380
3803
381
382
383
3834
3835
384
3840
3841
385
386
387
3873
3874
3875
3876
3877
3878
3881
3884
3885
3886
389
39
396
397
399
4
400
401
402
40222
403
405
406
407
408
409
4092
41
410
411
412
413
4135
4136
414
4141
415
4156
417
418
421
422
423
424
4249
425
4250
4251
426
428
4286
42896
42899
429
4291
4292
4293
4294
4296
42967
42968
42969
42970
42971
42972
42973
4298
4299
43
4300
4301
4302
4304
4306
43073
43074
43076
43077
43082
431
432
43284
43285
43286
43287
43288
43289
43290
43291
43292
43293
43294
43295
43296
43297
43299
433
43301
43302
43303
43304
43305
43306
43307
43308
43309
43310
43313
43314
43316
43331
43333
43336
43338
43339
43340
43341
43342
43343
43344
43345
43346
43348
43349
43350
43351
43352
43353
43354
43355
43356
43357
43358
43359
43360
43361
43362
43363
43365
43368
43370
43371
43372
43373
43374
43375
43376
43377
43378
43379
43381
43382
43383
43384
43385
43386
43387
43388
43389
43390
43391
43393
43394
43395
43396
43397
43398
43399
434
43400
43401
43405
43410
43411
43414
43416
43417
43418
43419
43420
43423
43424
43427
43434
43435
43436
43437
43438
43439
43443
43444
43445
43446
43447
43448
43449
43450
43451
43452
43453
43454
43455
43456
43459
43460
43461
43478
43479
43480
43483
43485
43502
43503
43504
43505
43506
43509
43510
43511
43512
43514
43515
43516
43517
43518
43519
43520
43521
43522
43523
43525
43526
43527
43528
43530
43531
43532
43533
43534
43535
43536
43537
43538
43539
43541
43542
43543
43544
43548
43549
43550
43551
43552
43553
43554
43555
43559
43560
43561
43562
43566
43567
43569
43570
43571
43572
43573
43574
43575
43576
43578
43581
43582
43583
43586
43588
43589
43591
43592
43594
43595
43598
43599
436
4360
43600
43601
43608
4361
43618
4362
43623
43626
4363
43630
43631
43632
43633
43634
43635
43637
43638
43639
4364
43640
43641
43642
43643
43645
43647
43648
43649
4365
43650
43651
43652
43653
43659
43660
43661
43663
43665
43666
43667
43669
43671
43673
43676
43677
43678
43679
4368
43680
43681
43682
43683
43684
43685
43689
43690
43691
43692
43695
43697
43698
437
43700
43701
43702
43705
43708
43709
43710
43711
43712
43713
43714
43715
43716
43717
43718
4372
43722
43723
43724
43725
43727
43728
4373
43730
43731
43732
43733
43736
43741
43742
43743
43744
43745
43746
43747
43748
43750
43751
43754
43757
43759
43763
43764
43765
43766
43767
43768
43769
43771
43774
43776
43778
43779
4378
43780
43783
43786
43790
43792
438
4380
43800
43801
43803
43804
43805
43806
43807
43808
43809
43810
43811
43812
43813
43814
43815
43816
4382
43833
43841
43843
43844
43845
43846
43848
43855
43856
43861
43866
43869
43872
43873
43875
43876
43877
43879
43882
43885
43891
43892
43894
43895
43896
43898
439
43901
43903
43906
43909
43910
43911
43913
43914
43915
43917
43918
43919
43920
43921
43922
43923
43924
43925
43928
43929
43931
43932
43933
43934
43935
43936
43937
43938
43939
43940
43941
43942
43943
43944
43945
43946
43950
43951
43952
43953
43954
43955
43956
43957
43958
43959
43962
43963
43964
43967
43969
43971
43972
43976
43977
43979
43980
43986
43988
43989
43992
43993
44
440
44004
44008
44009
44011
44027
44029
44030
44031
44032
44033
44034
44035
44036
44038
44040
44041
44051
44052
44053
44060
44066
44070
44071
44073
44074
44076
44077
44079
44080
44082
44083
44084
44085
44086
44087
44088
44089
44090
44091
44092
44093
44094
44095
44096
44097
44098
44099
441
44100
44101
44103
44105
44106
44107
44108
44109
44110
44177
44178
44179
4418
44180
44181
44188
44191
44193
44194
44195
44196
44199
442
44201
44202
44204
44205
44206
44208
44209
44213
44214
44215
44216
44217
44219
44220
44221
44223
44224
44227
44228
4423
44230
44231
44232
44233
44234
44235
44236
44238
44241
44244
44246
44247
44248
44249
4425
44250
44251
44252
44253
44254
44255
44256
44258
44259
4426
44260
44261
44262
44264
44265
44266
44267
44269
4427
44275
44276
44277
44278
44279
44280
44281
44282
44283
44284
44286
44287
44288
4429
44295
44297
44298
4430
44301
44306
44307
4431
44312
44313
44314
44315
44316
44317
44322
44324
44326
44329
44330
44334
44335
44336
44337
44338
44339
44340
44342
44343
44344
44345
44346
44347
44348
44350
44351
44354
44355
44356
44357
44360
44363
44364
44365
44366
44367
44368
44369
4437
44370
44373
44375
44376
44377
44378
44379
4438
44380
44381
44382
44384
44386
44387
44389
44394
44395
44396
44397
44398
44399
444
4440
44400
44403
44405
44406
44407
44408
44409
4441
44412
44413
44417
44418
44419
44422
44424
44427
44428
44429
44430
44431
44432
44433
44435
44436
44438
44439
44440
44442
44443
44444
44445
44446
44447
44450
44451
44452
44454
44457
44458
44461
44462
44463
44465
44468
44469
44470
44471
44472
44473
44474
44478
44479
44480
44482
44485
44486
44487
44488
44489
44490
44491
44493
44497
44498
44499
445
44500
44501
44503
44504
44505
44506
44507
44508
44509
44510
44511
44512
44514
44516
44518
44521
44530
44531
44534
44536
44555
44559
44561
44578
44579
44580
44581
44583
44584
44586
44588
44592
44593
44594
44595
44596
44597
44598
446
44600
44601
44603
44604
44605
44606
44607
44608
44609
44614
44615
44616
44617
44621
44623
44624
44625
44626
44627
44628
44630
44631
44633
44634
44635
44636
44637
44638
44649
44650
44651
44652
44653
44654
44655
44656
44659
44661
44663
44664
44666
44668
44669
44670
44672
44675
44676
44677
44678
44679
44680
44681
44682
44686
44687
44690
44695
44696
44697
44698
44699
447
44700
44701
44703
44705
44706
44708
44709
44713
44714
44716
44719
44721
44722
44723
44724
44725
44726
44727
44728
44730
44731
44732
44733
44735
44737
44740
44741
44742
44743
44744
44745
44746
44748
44749
44750
44751
44752
44753
44754
44755
44756
44758
44759
44762
44763
44764
44765
44767
44771
44772
44775
44776
44784
44785
44786
44787
44788
44790
44792
44793
44794
44795
44796
44798
44799
448
44801
44803
44804
44805
44806
44807
44808
44809
44812
44814
44827
44828
44829
44830
44832
44833
44834
44839
4484
44840
44841
44842
44843
44847
44849
4485
44850
44851
44852
44853
44854
44857
44858
44859
4486
44861
44862
4487
44870
44872
44873
44876
44877
44878
44881
44882
44883
44884
44885
44886
44887
44889
4489
44890
44892
44894
44895
44896
449
4490
44900
44902
44903
44905
44906
44908
44909
4491
44913
44916
44919
4492
44920
44922
44923
44924
44925
44926
44927
44928
4493
44931
44932
44933
44934
44937
44938
44939
44940
44941
44942
44943
44944
44945
44946
44947
44948
44949
44950
44951
44953
44954
44956
44959
44960
44961
44962
44963
44965
44966
44968
44969
44972
44975
44976
44977
44981
44983
44984
44985
44987
44988
44989
44990
44991
44992
44995
44996
44997
44999
45
450
45000
45014
45026
45027
45028
45029
45030
45032
45033
45034
45035
45036
45037
45038
45040
45041
45042
45044
45045
45046
45047
45048
45049
45050
45051
45052
45054
45055
45056
45057
45059
45060
45061
45066
45068
45070
45071
45072
45073
45074
45075
45076
45077
45078
45080
45084
45085
45087
45088
45089
45090
45091
45092
45093
45094
45095
45096
45099
451
45100
45101
45102
45103
45104
45110
45111
45114
45116
45120
45121
45123
45127
4513
45130
45135
45136
45137
45138
45139
45140
45143
45144
45145
45146
45147
45148
45150
45151
45152
45153
45154
45155
45156
45157
45158
45161
45168
45169
45171
45174
45178
45179
45180
45181
45182
45183
45189
45190
45191
45192
45197
45199
452
45200
45201
45202
45205
45206
45207
45208
45209
45210
45212
45213
45214
45224
45226
45227
45230
45231
45232
45234
45235
45237
45238
45239
45240
45241
45242
45243
45245
45246
45247
45251
45252
45253
45254
45255
45257
45258
45259
45260
45261
45262
45265
45268
45270
45271
45272
45273
45275
45277
45278
45279
45280
45282
45294
45295
45296
453
45304
45305
45306
45307
45308
45314
45316
45325
45326
45327
45328
4533
45335
45336
45339
4534
45340
45341
45342
45344
45345
45346
45348
45349
45350
45351
45359
45360
45361
45364
45370
45371
45372
45373
45374
45376
45380
45383
45384
45389
4539
45390
45397
454
45403
45404
45405
45407
45409
45414
45415
45417
45418
45419
45423
45424
45425
45426
45427
45433
45434
45435
45436
45438
45439
45440
45441
45443
45444
45445
45447
45449
45452
45453
45454
45455
45456
45459
45461
45463
45464
45465
45468
45469
45476
45477
45478
45479
45482
45483
45484
45492
45493
45494
45495
45498
455
45503
45504
45505
45506
45513
45515
45516
45517
45518
45519
45520
45522
45524
45525
45530
45531
45533
45534
45535
45536
45537
45539
45540
45541
45542
45544
45545
45546
45549
45550
45551
45552
45559
45560
45561
45562
45563
45566
45567
45568
45569
45571
45573
45576
45578
45579
45580
45582
45583
45584
45586
45587
45588
45589
45590
45591
45592
45593
45594
45595
45597
45598
45599
456
45600
45602
45603
45604
45605
45606
45607
45608
45609
45611
45612
45613
45614
45615
45616
45617
45618
45619
45621
45622
45623
45624
45628
45629
45630
45631
45632
45633
45635
45636
45637
45639
45640
45641
45642
45644
45645
45646
45647
45648
45649
45650
45651
45652
45660
45665
45666
45667
45669
45670
45671
45672
45673
45674
45676
45677
45678
45679
45681
45682
45683
45684
45685
45686
45687
45688
45689
45690
45692
45693
45698
45699
457
45700
45703
45707
45709
45711
45712
45713
45714
45715
45716
45719
45721
45724
45725
45726
45727
45728
45729
45730
45731
45733
45736
45737
45738
45740
45741
45742
45743
45744
45745
45746
45747
45748
45749
45750
45751
45752
45753
45754
45755
45756
45757
45758
45759
45760
45761
45762
45764
45766
45768
45772
45774
45775
45776
45777
45778
45779
4578
45780
45782
45783
45784
45787
45789
4579
45790
45791
45792
45795
45797
45798
45799
458
45800
45801
45803
45804
45805
45806
45807
45808
45810
45811
45812
45813
45815
45816
45817
45819
45859
45860
45862
45863
45864
45867
45868
45869
45871
45873
45877
45878
45880
45881
45882
45883
45884
45885
45888
45890
45891
45894
45895
45897
45899
459
45901
45903
45912
45913
45916
45918
45919
45920
45921
45927
45929
45930
45931
45932
45933
45934
45935
45936
45937
45939
4594
45940
45941
45942
45943
45944
45945
45946
45947
45948
45950
45951
45952
45955
45956
45957
45958
45959
45960
45961
45962
45963
45965
45966
45976
45977
45978
45979
45980
45982
45983
45985
45986
45987
45988
45990
45991
45992
45993
45994
45995
45996
45997
45998
45999
46
460
46001
46002
46003
46004
46005
46015
46018
46022
46026
46027
46028
46035
46036
46038
46039
46040
46055
46056
46057
46059
46060
46079
46080
46082
46083
46084
46086
46087
46088
46089
46090
46091
46092
46093
46094
46095
46096
46097
46098
46099
461
46100
46101
46102
46103
46104
46107
46108
46109
46110
46111
46112
46114
46116
46122
46127
46128
46130
46132
46133
46134
46138
46142
46150
46153
46154
46155
46156
46157
46160
46161
46162
46163
46164
46166
46168
46169
46170
46181
46182
46184
46185
46186
46189
46190
46191
46192
46194
462
46202
46207
46211
46212
46216
46220
46223
46224
46227
46228
46259
46260
46261
46262
46264
46270
46277
46281
46284
46285
46286
46290
46291
46293
46296
46297
46298
46299
463
46300
46302
46303
46308
46309
46310
46312
46313
46318
46322
46325
46326
46327
46328
46332
46334
46340
46343
46344
46345
46346
46347
46348
46349
46350
46351
46352
46354
46356
46361
46362
46363
46364
46365
46366
46367
46368
46374
46375
46376
46377
46378
46379
46382
46383
46385
46386
46387
46388
46390
46391
46394
46395
46396
46397
46398
464
46407
46408
46410
46411
46414
46419
46429
46430
46431
46432
46434
46435
46442
46449
46450
46451
46452
46454
46459
46460
46461
46462
46463
46464
46465
46466
46467
46468
46469
46473
46474
46475
46476
46477
46478
46479
46480
465
46503
46505
46506
46507
46508
46509
46511
46516
46517
46518
46519
46522
46523
4653
46530
46531
46534
46535
46537
46538
46539
4654
46541
46542
46543
46545
46547
4655
46551
46552
46553
46554
46555
46556
46557
46559
4656
46560
46561
46562
46563
46564
46565
46567
46568
46569
4657
46570
46571
46573
46577
4658
4659
46595
46596
46598
46599
466
4660
46600
46601
46602
46603
46606
46607
46608
4661
46612
46613
46617
46618
4662
46622
46627
4663
46636
46639
4664
4665
46654
46666
4667
46684
4669
46692
46693
46694
46695
46696
46697
46698
467
4670
46700
46702
46703
46704
46705
46706
46707
46708
46709
4671
46710
46713
46714
46716
46717
46718
46719
4672
46720
46721
46722
46725
46726
46727
46731
46732
46733
46734
46736
46737
46738
46739
46740
46741
46742
46757
46758
46759
46767
46768
46769
46770
46771
46772
46777
46779
46786
46787
46788
46790
46792
46793
46795
46796
468
46803
46819
46822
46840
46841
46842
46843
46847
46848
46851
46852
46857
46861
46867
46868
46869
46871
46874
46876
46877
46878
46879
46880
46881
46882
46883
46884
46885
46886
46887
46888
46889
46890
46891
46892
46894
46896
46898
46899
469
46900
46901
46902
46904
46905
46910
46911
46914
46915
46917
46918
46920
46921
46926
46927
46938
46939
46941
46942
46944
46945
46955
46956
46959
46962
46963
46964
46965
46966
46967
46983
46997
47
470
47013
47015
47022
47023
47024
47028
47029
47030
47031
47032
47033
47034
47035
47036
47037
47038
47039
47040
47041
47042
47043
47044
47045
47046
47047
47050
47051
47052
47053
47054
47055
47057
47060
47062
47064
47065
47066
47070
47078
47079
47082
47083
47084
47085
47086
47087
47088
47089
47091
47092
47093
47094
47095
47096
47097
47098
47099
471
47101
47102
47103
47104
47107
47108
47109
47111
47113
47115
47117
47118
47119
47120
47121
47122
47123
47124
47127
47128
47129
47131
47132
47133
47135
47140
47141
47142
47143
47146
47147
47149
47150
47151
47153
47154
47157
47160
47179
47191
47192
47193
47196
472
47204
47205
47206
47207
47208
47213
47218
47219
47220
47221
47222
47223
47224
47225
47227
47229
47230
47231
47232
47233
47234
47235
47236
47238
47239
47243
47244
47247
47248
47251
47255
47257
47258
47259
47261
47263
47264
47265
47266
47267
47270
47271
47272
47275
47276
47277
47278
47279
47280
47281
47282
473
47301
47303
47304
47306
47307
47309
47310
47311
47312
47314
47315
47316
47317
47318
47319
47325
47326
47328
47329
47332
47335
47336
47338
47339
47340
47341
47342
47343
47344
47354
47355
47356
47357
47360
47361
47362
47363
47364
47365
47366
47368
47369
47371
47372
47373
47376
47378
47379
47380
47385
47388
47389
47390
47391
47394
47395
474
47410
47412
47417
47419
47446
47450
47452
47455
47457
47459
47460
47461
47462
47463
47464
47465
47466
47467
47468
47469
47470
47471
47473
47474
47476
47477
47483
47486
47487
47491
47497
47500
47501
47508
47509
47510
47511
47512
47513
47514
47515
47516
47518
47519
47523
47524
47525
47529
47530
47531
47533
47534
47535
47537
47538
47539
47540
47541
47561
47565
47570
47572
47576
47593
47598
47599
476
47600
47601
47602
47603
47605
47611
47620
47621
47622
47623
47624
47625
47627
47628
47629
47631
47636
47637
47638
47639
47640
47642
47644
47645
47646
47647
47649
47650
47679
47680
47682
47684
47686
47687
47688
47689
47690
47691
47693
47694
47695
47696
47697
47698
47699
47700
47701
47702
47712
47717
47720
47721
47722
47723
47724
47725
47726
47727
47728
47729
47730
47731
47742
47743
47745
47746
47747
47748
47752
47755
47756
47760
47761
47762
47769
47770
47772
47779
47780
47781
47786
47793
47818
47824
47825
47826
47827
47829
47836
47840
47841
47842
47843
47844
47845
47846
47847
47848
47849
47850
47851
47852
47853
47860
47861
47862
47863
47864
47867
47869
47870
47871
47874
47875
47876
47878
47880
47881
47893
47894
47895
47896
47897
47898
47899
479
47900
47901
47902
47903
47904
47905
47910
47911
47915
47916
47917
47918
47920
47921
47923
47925
47930
47931
47932
47943
47956
47957
47968
47969
47970
47971
47973
47983
48
480
48000
48001
48002
48003
48017
48020
48021
48022
48023
48024
48025
48027
48031
48042
48043
48048
48049
48050
48051
48052
48053
48054
48055
48059
48061
48062
48063
48064
48065
48070
48071
48078
48079
48083
48084
48086
48087
48094
481
48103
48104
48105
48108
48109
48110
48111
48113
48115
48119
48121
48122
48123
48124
48128
48129
48130
48131
48132
48133
48134
48135
48136
48137
48138
48140
48141
48142
48143
48144
48145
48147
48148
48160
48161
48162
48163
48164
48165
48166
48167
48168
48169
48170
48171
48172
48173
48174
48175
48176
48177
48178
48179
48180
48181
48182
48183
48184
48185
48186
48187
48188
48189
48190
48191
48192
48193
48194
48195
48196
48197
48198
48199
482
48200
48201
48203
48204
48205
48206
48207
48208
48211
48214
48215
48216
48217
48218
48222
48223
48224
48225
48226
48228
48229
48231
48232
48233
48234
48239
48240
48241
48244
48245
48246
48247
48248
48253
48256
48257
48259
48260
48261
48263
48264
48265
48266
48267
48270
48275
48280
48281
48283
48284
48285
48286
48292
48293
48294
48295
483
48305
48307
48308
48309
48310
48311
48319
48321
48322
48325
48326
48329
48330
48331
48334
48335
48336
48337
48338
48339
48340
48341
48342
48343
48344
48345
48346
48347
48348
48349
48350
48351
48352
48353
48354
48355
48356
48357
48360
48373
48374
48375
48376
48386
48387
48392
48398
48399
484
48409
48410
48411
48412
48413
48414
48415
48416
48417
48418
48419
48420
48421
48422
48423
48424
48426
48427
48429
48430
48432
48433
48439
48444
48451
48455
48457
48458
48460
48461
48463
48464
48465
48466
48469
48472
48474
48475
48479
48482
48483
48484
48485
48486
48487
48488
48489
48490
48492
48493
48494
48498
48499
48503
48504
48513
48514
48516
48520
48521
48524
48525
48527
48529
48530
48531
48532
48533
48534
48535
48537
48538
48539
48546
48547
48548
48549
48550
48551
48552
48558
48560
48561
48563
48564
48567
48569
48570
48571
48574
48577
48578
48580
48581
48584
48587
48588
48589
48590
48591
48592
48593
48594
48595
48597
48598
48599
48600
48601
48607
48614
48615
48616
48617
48618
48619
48620
48621
48623
48624
48625
48627
48628
48635
48636
48637
48638
48639
48640
48641
48642
48646
48647
48648
48657
48663
48664
48665
48666
48667
48668
48670
48672
48675
48676
48680
48684
48685
487
48705
48706
48714
48724
48741
48742
48743
48744
48746
48749
48751
48752
48753
48755
48757
48758
48761
48762
48763
48764
48765
48766
48776
48777
48778
48779
48781
48782
48783
48788
48797
488
48802
48805
48806
48827
48828
48829
48830
48832
48833
48837
48838
48840
48841
48842
48843
48848
48851
48852
48853
48854
48855
48856
48857
48861
48868
48869
48870
48871
48872
48873
48874
48875
48876
48877
48878
48879
48880
48881
48882
48885
48888
48889
48890
48892
48893
48895
48896
48897
48898
48899
489
48900
48901
48902
48904
48905
48906
48907
48908
48909
48910
48912
48915
48916
48917
48918
48919
48920
48921
48922
48923
48924
48928
48929
48930
48931
48932
48933
48934
48935
48937
48943
48944
48945
48946
48947
48950
48951
48952
48953
48958
48959
48960
48961
48962
48966
48967
48968
48979
48980
48981
48982
48984
48985
48986
48987
48988
48989
48990
48991
48994
48995
48999
49
490
49002
49003
49004
49005
49007
49008
49010
49011
49012
49016
49017
49018
49019
49020
49021
49022
49023
49024
49025
49026
49027
49028
49030
49033
49034
49036
49040
49041
49042
49043
49044
49045
49050
49053
49054
49055
49056
49057
49058
49059
49060
49061
49062
49063
49064
49065
49066
49067
49068
49069
49070
49071
49072
49073
49074
49075
49076
49077
49079
49081
49082
49083
49084
49085
49086
49088
49089
49090
49091
49092
49093
49094
49095
49096
49097
49098
49099
49100
49105
49106
49112
49113
49114
49117
49118
49119
49120
49121
49122
49123
49125
49126
49127
49133
49134
49135
4914
49140
49145
49153
49157
49170
49181
49182
49195
49202
49203
49204
49206
49207
49208
49209
49210
49212
49215
49219
49222
49223
49224
49225
49232
49233
49234
49235
49236
49237
49245
49246
49247
49248
49259
49265
49267
49268
49269
49270
49271
49272
49273
49274
49275
49279
49281
49282
49287
49288
49289
49290
49291
49292
49295
49296
49300
49301
49307
49308
49309
49310
49311
49312
49313
49314
49315
49317
49319
49320
49322
49326
49327
49328
49329
49330
49331
49332
49333
49334
49338
49341
49342
49349
49358
49359
49361
49362
49364
49365
49368
49371
49372
49373
49374
49375
49376
49377
49379
49380
49381
49382
49384
49385
49386
49387
49389
49391
49392
49393
49394
49395
49396
49398
494
49404
49407
49408
49409
49411
49414
49423
49424
49425
49426
49427
49431
49433
49438
49439
49440
49441
49442
49443
49444
49445
49447
49448
49449
49452
49453
49454
49455
49457
49459
49460
49461
49462
49464
49465
49469
49470
49471
49472
49473
49475
49477
49482
49483
49484
49485
49486
49487
49490
495
49501
49502
49503
49504
49506
49507
49508
49510
49513
49514
49515
49516
49521
49522
49523
49524
49528
49529
49533
49534
49535
49536
49537
49538
49539
4954
49541
49548
4955
49554
49556
49557
49560
49562
49563
49565
49566
49567
49568
49577
49578
49579
49580
49581
49582
49583
49584
49585
49586
49587
49588
49591
49592
49598
49599
496
49600
49601
49602
49603
49605
49606
49616
49617
49618
49619
49620
49621
49622
49623
49624
49625
49626
49627
49650
49651
49652
49658
49659
49660
49664
49665
49666
49667
49668
49669
49670
49671
49672
49673
49675
49681
49682
49686
49687
49690
49691
49693
49694
49695
49696
49697
49699
497
49700
49704
49708
49709
49710
49716
49738
49739
49740
49742
49752
49753
49756
49757
49760
49762
49763
49764
49765
49767
49777
49789
49791
49792
49793
49794
49795
49796
49797
49798
49799
498
49801
49802
49803
49804
49807
49808
49811
49812
49813
49814
49815
49816
49820
49821
49822
49823
49824
49825
49826
49827
49828
49829
49830
49832
49840
49841
49842
49843
49844
49847
49866
49870
49875
49876
49877
49880
49881
49883
49884
49885
49890
499
4991
49928
49936
49942
49945
49946
49947
49948
49952
49958
49959
49960
49962
49963
49967
49992
49998
5
50
5000
50000
50002
50004
50009
50010
50014
50018
50021
50024
50025
50026
50034
50035
50036
50041
50042
50043
50044
50045
50046
50048
50049
50051
50053
50054
50056
50057
50059
50060
50061
50062
50063
50064
50065
50075
50076
50077
50078
50079
50080
50089
50090
50092
50093
50095
50097
50098
50099
501
50100
50102
50103
50105
50107
50111
50113
50114
50115
50117
50120
50121
50122
50124
50125
50127
50128
50129
50130
50132
50133
50135
50136
50138
50142
50146
50147
50148
50149
50152
50154
50164
50165
50169
50170
50171
50175
50176
50177
50179
50180
50181
50182
50183
50184
50185
50187
50188
50190
50194
50195
50196
50197
502
50200
50201
50202
50203
50206
50207
50208
50209
50210
50213
50214
50216
50217
50218
50219
50220
50221
50222
50223
50225
50226
50230
50232
50233
50235
50236
50237
50238
50239
50242
50248
50249
50251
50252
50253
50254
50256
50257
50259
50261
50262
50263
50264
50273
50274
50278
50281
50283
50284
50285
50291
50292
50294
50297
50298
50299
503
50306
50311
50321
50322
50323
50324
50326
50327
50328
50330
50332
50333
50335
50336
50337
50340
50341
50344
50345
5035
50351
50352
50353
50360
50361
50362
50368
50369
50376
50377
50378
50382
50383
50384
50390
50391
50392
50393
50395
504
50404
50407
50413
50414
50415
50417
50421
50423
50424
50425
50426
50427
50432
50433
50434
50436
50438
50439
50440
50442
50443
50445
50446
50447
50448
50449
50450
50452
50455
50457
50459
50460
50461
50462
50463
50465
50466
50468
50470
50473
50474
50476
50477
50478
50479
50481
50484
50488
50489
50490
50491
50492
50493
50494
50495
50496
505
50501
50505
50512
50513
50514
50515
50516
50519
50520
50521
50522
50523
50524
50526
50527
50528
50529
50530
50533
50534
50537
50539
50549
50550
50551
50552
50553
50554
50555
50558
50562
50563
50564
50565
50567
50568
50569
50570
50571
50572
50573
50575
50580
50582
50583
50584
50585
50586
50588
50589
50590
50591
50592
50593
50594
50595
50597
50598
506
50600
50601
50603
50607
50608
50611
50612
50614
50624
50628
50629
50632
50634
50635
50636
50637
50653
50659
50660
50661
50669
50670
50671
50675
50676
50677
50679
50680
50681
50682
50685
50686
50688
50689
50690
507
50710
50714
50718
50720
50722
50724
50726
50728
50743
50749
5075
50752
50757
50758
50759
5076
50760
50765
50766
50767
50768
50769
50770
50772
50774
50775
50776
50777
50778
50779
50780
50782
50790
50795
50798
50799
50800
50801
50802
50803
50804
50808
50809
5081
50811
50815
5082
50826
50827
50829
5083
50830
50831
50832
50833
50835
50836
5084
50842
50843
50845
50846
50847
50850
50858
50859
50860
50863
50864
50865
50869
50870
50871
50872
50873
50874
50875
50878
50879
50881
50882
50883
50885
50886
50887
50888
50889
50890
50891
50893
50894
50896
50905
50906
50913
50914
50919
50925
50926
50927
50928
50929
50930
50932
50933
50934
50935
50936
50942
50943
50944
50952
50954
50956
50958
50959
50960
50961
50964
50965
50990
50993
50997
50998
50999
51
51006
51015
51026
51027
51029
51030
51031
51033
51034
51035
51036
51037
51038
51039
51040
51041
51044
51045
51047
51049
51050
51053
51054
51056
51057
51065
51067
51068
51069
51071
51072
51073
51074
51075
51076
51077
51083
51087
51097
51098
51099
511
51100
51101
51102
51103
51104
51106
51108
51109
51110
51112
51113
51115
51116
51117
51118
51119
51121
51122
51124
51125
51127
51129
51130
51131
51134
51135
51136
51137
51138
51141
51144
51145
51150
51151
51152
51153
51154
51155
51156
51157
51158
51159
51160
51162
51163
51165
51168
51169
51170
51173
51175
51176
51178
51183
51184
51185
512
51201
51202
51206
51209
51210
51213
51214
51218
51219
51220
51222
51223
51225
51226
51231
51232
51233
51234
51236
51238
51239
5124
51241
51242
51243
51244
51245
51246
51248
51249
51251
51252
51253
51258
51260
51275
51278
51279
51280
51281
51287
51288
51289
51290
51291
51292
51297
51298
51308
51310
51311
51312
51313
51315
51317
51319
51320
51322
51325
51326
51327
51328
51329
51330
51331
51332
51333
51335
51336
51356
51357
51358
51359
51360
51361
51362
51366
51367
51368
51369
51375
51381
51382
51383
51384
51388
51389
51390
51391
51392
51393
51395
51425
51428
51429
51430
51431
51441
51445
51447
51448
51449
51450
51451
51452
51453
51454
51455
51456
51457
51458
51459
51460
51461
51464
51465
51466
51467
51468
51469
51470
51471
51472
51473
51474
51475
51476
51477
51479
51490
51491
51492
51494
51495
51496
51497
51498
51500
51501
51502
51505
51508
51510
51512
51513
51516
51517
51518
51519
51520
51522
51523
51524
51526
51527
51528
51529
51535
51536
51537
51554
51561
51564
51565
51566
51567
51570
51578
51579
51580
51581
51589
51592
51597
51600
51606
51609
51610
51611
51612
51615
51617
51619
51620
51627
51630
51633
51634
51644
51645
51646
51647
51652
51653
51666
51677
51680
51687
51688
51690
51693
51694
51700
51701
51702
51703
51705
51706
51709
51710
51713
51719
51720
51721
51722
51724
51725
51726
51727
51728
51729
51730
51738
51739
51740
51741
51742
51743
51746
51747
51749
51756
51757
51759
51760
51761
51762
51763
51785
51786
51790
51791
51792
51793
51794
51799
51800
51801
51802
51803
51804
51805
51806
51807
51808
51809
51810
51811
51814
51815
51816
51817
51818
51820
51821
51823
51824
51825
51827
51828
51829
51830
51832
51833
51834
51835
51836
51837
51839
51840
51841
51843
51845
51847
51848
51849
51850
51852
51856
51857
51858
51860
51861
51863
51864
51867
51868
51869
5187
51870
51871
51872
51873
51874
51877
51878
51879
51880
51882
51883
51886
51888
51889
51890
51891
51893
51894
51895
51901
51903
51906
51907
51908
51909
51910
51911
51913
51920
51921
51922
51925
51926
51927
51928
51929
51930
51931
51932
51934
51935
51937
51938
5194
51947
51948
51949
5195
51950
51951
51953
51956
51959
51961
51963
51964
51968
51969
51970
51971
51972
51973
51974
51975
51977
51978
51979
51980
51981
51987
51988
51989
51990
51991
51995
51996
51997
51998
51999
52
520
52001
52002
52003
52006
52007
52008
52009
52010
52011
52012
52013
52014
52015
52016
52017
52018
52020
52021
52022
52025
52026
52028
52029
52030
52031
52032
52033
52035
52036
52038
52039
52040
52041
52042
52043
52044
52045
52046
52047
52048
52049
52052
52053
52054
52055
52056
52057
52058
52059
52060
52061
52064
52065
52066
52069
52070
52072
52082
52098
52099
52100
52101
52106
52107
52109
52110
52111
52112
52113
52114
52115
52125
52128
52131
52132
52133
52135
52136
52137
52139
52140
52141
52142
52143
52144
52146
52147
52148
52149
52150
52151
52152
52154
52155
52156
52157
52158
52160
52161
52162
52163
52164
52165
52167
52175
52176
52180
52181
52182
52183
52184
52185
52187
52188
52189
52190
52191
52192
52194
52195
52196
52197
52198
52199
52200
52201
52202
52204
52207
52208
52209
52210
52211
52217
52218
52220
52221
52222
52223
52231
52233
52234
52238
52239
52240
52242
52244
52251
52252
52253
52254
52255
52256
52257
52258
52259
52261
52262
52264
52266
52269
52270
52271
52272
52273
52274
52276
52277
52278
52282
52291
52292
52293
52294
52295
52296
52297
52303
52304
52305
52311
52312
52313
52316
52317
52321
52322
52328
52329
5233
52330
52331
52332
52333
52334
5234
52345
5235
52350
52351
52352
52353
52354
52356
5236
52361
52362
52363
52364
52367
52368
52369
5237
52370
52371
52374
52375
52376
52378
5239
52397
5240
52408
52409
52410
52411
52412
52413
52416
52419
5242
52420
52422
52423
52424
52425
52426
52428
52429
5243
52430
52431
52432
52433
52434
52435
52436
52437
52438
52439
5244
52440
52443
5245
5246
5247
52470
52471
52472
52473
52474
52476
52477
52478
52479
5248
52481
52482
52484
52486
52488
52489
5249
52493
52494
52496
52498
52499
52500
52501
52502
52503
52504
52506
52507
52508
52509
52512
52513
52515
52517
52518
52524
52527
52528
5253
52532
52539
52541
52543
52544
52545
52546
52547
52548
52549
52550
52551
52552
52553
52554
52555
52556
52557
52558
52559
5256
52560
52562
52563
52565
52577
52578
52579
52580
52581
52582
52583
52584
52585
52586
52587
52590
52591
52592
52593
52595
52596
52601
52602
52610
52611
52612
52613
52615
52619
52622
52623
52635
5264
52640
52641
52642
52646
52647
52648
52649
5265
52651
52652
52653
52654
52655
52656
52657
5266
52662
52663
52664
52665
52666
52667
52668
52669
5267
52670
52672
52673
52674
52675
52676
52677
52680
52681
52685
52686
52688
5269
52690
52691
52696
52697
52698
527
5270
52700
52701
52703
52704
52705
52706
52708
52709
5271
52710
52711
52712
52714
52715
52719
52720
52722
52723
52724
52725
52728
52729
52730
52732
52733
52734
52735
52736
52737
52743
52744
52745
52746
52747
52748
52749
52750
52751
52752
52754
52756
52757
52758
52759
52760
52762
52763
52764
52765
52766
52767
52768
52769
52770
52773
52774
52775
52779
52780
52782
52783
52787
52788
52789
52790
52793
52795
52797
52799
528
52801
52802
52803
52804
52805
52806
52807
52808
52809
52810
52812
52816
52819
52820
52821
52846
52848
52849
52850
52851
52852
52853
52857
52858
52859
5286
52862
52864
52865
52866
52867
52868
52869
52870
52873
52874
52875
5288
52881
52885
52886
52887
52888
52889
5289
52890
52891
52892
52894
52896
52897
529
5290
5291
5292
52931
52932
52933
52934
52935
52936
52938
52939
5294
52940
52942
52943
52944
52945
52946
52947
52948
52949
52950
52951
52952
5296
52966
52982
52983
52984
52985
52986
52988
52989
52990
52992
52996
52997
52998
52999
53
530
53000
53002
53003
53004
53005
53007
53008
53009
53010
53011
53019
53026
53027
53028
53029
53030
53032
53033
53035
53036
53037
53040
53045
53046
53047
53048
53050
53053
53057
53060
53061
53062
53063
53065
53066
53068
53070
53071
53079
53080
53095
53096
53101
53102
53103
53105
53107
53108
53113
53115
53117
53119
53120
53121
53122
53123
53124
53125
53126
53130
53132
53135
53136
53139
53142
53143
53144
53146
53158
53159
53163
53164
53165
53167
53168
53169
53170
53171
53172
53173
53175
53176
53178
53179
5318
53180
53181
53182
53183
53185
53186
53187
53188
53189
53191
53195
53197
53198
53199
53201
53202
53205
53207
53208
53210
53211
53215
53216
53217
53219
53221
53222
53223
53224
53226
53227
53230
53231
53234
53243
53244
53245
53248
53251
53252
53253
53255
53257
53262
53263
53264
53266
53268
53269
53271
53273
53274
53275
53276
53277
53278
53279
53280
53281
53282
53283
53284
53295
53297
53298
53300
53301
53302
53303
53304
53305
53306
53307
53308
53309
53310
53311
53312
53313
53315
53320
53321
53322
53323
53326
53327
53328
53330
53331
53332
53333
53334
53338
53341
53343
53345
53347
53348
53349
53350
53351
53352
53353
53354
53355
53356
53357
53358
53359
53360
53361
53363
53364
53365
53366
53367
53368
53369
53370
53374
53375
53376
53378
53379
53380
53381
53382
53383
53384
53385
53386
53388
53389
53391
53392
53393
53394
53395
53398
53399
53400
53401
53402
53403
53404
53405
53406
53407
53409
53410
53411
53413
53414
53415
53416
53417
53419
53420
53421
53422
53423
53424
53425
53426
53427
53428
53429
53432
53433
53436
53437
53438
53439
53440
53441
53442
53443
53444
53445
53446
53447
53448
53452
53453
53454
53455
53458
53459
53460
53461
53462
53463
53464
53466
53467
53468
53469
53470
53475
53476
53478
53479
53480
53481
53482
53483
53484
53485
53486
53487
53488
53489
53490
53492
53493
53495
53496
53497
53498
53499
53501
53502
53504
53506
53507
53510
53511
53512
53514
53516
53517
53518
53520
53521
53522
53530
53547
53548
53549
53551
53552
53554
53555
53556
53557
53558
53559
53560
53561
53562
53564
53565
53566
53567
53568
53574
53577
53578
53589
5359
53595
53597
53598
53602
53603
53608
53609
5361
53613
53614
5362
53623
53625
53626
53627
53628
53631
53632
53634
53635
5364
53640
53641
53642
53644
53645
53646
53647
53648
53649
53650
53654
53655
53656
53658
53662
53664
53667
53668
53670
53672
53673
53674
53675
53676
53679
53681
53682
53685
53686
53689
53690
53691
53692
53693
53694
53695
53696
53697
537
53704
53706
53707
53708
53709
53713
53719
53721
53722
53725
53727
53733
53734
53735
53736
53737
53738
53739
53741
53742
53743
53745
53746
53747
53748
5375
53751
53752
53753
53755
53758
53759
5376
53760
53761
53765
53766
53767
53770
53772
53775
53776
53777
53784
53785
53794
53797
53798
53800
53801
53807
53808
53809
53812
53813
53814
53815
53816
53820
53821
53822
53827
53828
53830
53831
53833
53834
53835
53849
53853
53854
53855
53857
53858
53859
53860
53862
53863
53864
53866
53867
53872
53873
53874
53875
53878
53880
53882
53883
53884
53887
53888
53889
53890
53891
53892
53894
53896
53897
53898
53899
539
53900
53901
53902
53903
53905
53908
53909
53910
53911
53914
53920
53921
53922
53923
53924
53925
53926
53928
53935
53937
53939
53941
53942
53943
53944
53945
53946
53948
53949
53950
53952
53953
53954
53958
53959
53960
53961
53963
53964
53965
53966
53968
53970
53971
53972
53973
53976
53978
53981
53983
54
540
54011
54015
54016
54017
54018
54020
54021
54022
54023
54025
54026
54027
54028
54029
54030
54031
54032
54033
54034
54036
54037
54038
54039
54040
54043
54044
54046
54047
54049
54050
54051
54055
54056
54058
54060
54064
54065
54068
5407
54070
54072
54073
54074
54075
54077
54079
54080
54083
54084
54085
54086
54088
5409
54091
54093
54097
54098
541
5410
54100
54103
54104
54105
54106
54110
54112
54114
54115
54116
54117
54118
54119
5412
54124
54125
54126
54129
54131
54132
54133
54134
54137
54142
54149
54156
54157
54158
5416
54162
54163
54164
54165
54166
54170
54172
54173
54174
54175
54179
54180
54196
54197
54199
54200
54205
54209
54210
54211
54212
54213
54214
54215
54219
54230
54231
54237
54238
54247
54248
54249
5425
54250
54251
54255
54256
54259
54260
54261
54263
54264
54269
5427
54271
54273
54282
54284
54285
54286
54287
54288
54289
54297
54298
5430
54302
54304
54311
54312
54317
54320
54325
54326
54331
54332
54336
54337
54338
54339
54345
54346
54348
54349
54351
54359
54360
54372
54373
54377
54378
54382
54386
54387
54388
54389
54390
54391
54393
54394
54396
54397
54398
544
54400
54401
54402
54403
54404
54405
54406
54407
54408
54410
54411
54412
54413
54418
54419
54421
54422
54427
54429
5443
54430
54435
54439
54452
54457
54458
54463
54464
54467
54468
54469
54470
54471
54474
54475
54476
54477
54496
545
54507
54508
54511
54512
54513
54515
54516
54517
54518
5452
54521
54524
54529
54534
54535
54537
54538
54539
54540
54541
54542
54544
54545
54546
54547
54548
54557
54559
54560
54561
54563
54564
54576
54580
54581
54582
54583
54588
54589
5459
546
54602
54603
54604
54606
54608
5461
54610
54611
54612
54613
54616
54617
54618
54619
5462
54628
5463
54630
54633
54634
54636
54639
5464
54644
54645
5465
54652
54653
5466
54660
54662
54664
54669
5467
54670
54677
54678
54679
5468
54680
54681
54682
54683
54684
54687
54689
54691
54693
54711
54713
54714
5472
54727
54728
54729
5473
54731
54732
54733
54734
54735
54736
54737
54739
54740
54741
54747
54751
54752
54756
54759
54761
54764
54765
54766
54768
54770
54785
54786
54787
54792
54793
54795
54796
54798
54799
548
54800
54801
54802
54803
54804
54805
54806
54808
54809
54810
54811
54812
54815
54816
54817
54819
54820
54821
54822
54823
54825
54826
54828
54829
54830
54831
54833
54834
54837
54838
54840
54841
54857
54859
54862
54863
54864
54866
54867
54869
54870
54872
54874
54877
54882
54885
54890
54894
54896
54897
54898
54899
549
54900
54902
54903
54904
54905
54906
54908
54915
54916
54921
54922
54923
54925
54928
54929
54930
54932
54936
5494
54948
5495
54955
54965
54969
54970
54975
54976
54977
54978
54981
54984
54997
54998
54999
550
5500
55000
55002
55003
55004
55009
55011
55012
55014
55015
55020
55023
55026
55030
55031
55033
55043
55044
55045
55046
55055
55058
55059
55065
55066
55067
55068
55069
55070
55071
55076
55078
55080
55082
55083
55084
55085
55087
55088
55089
55090
55091
55092
55095
55096
551
55103
55104
55115
55116
55117
55118
55135
55136
55137
55141
55142
55144
55147
55148
55149
55151
55153
55155
55157
55158
55159
55160
55161
55163
55166
55167
55177
55180
55181
55182
55185
55191
55193
55195
55196
55197
55198
55199
552
55200
55201
55203
55204
55209
55210
55211
55241
55242
55243
55248
55249
55250
55258
55260
55266
55267
55268
55276
55277
55278
55279
5528
55280
55281
55284
55285
55286
55289
55290
55291
55292
55293
55295
55297
55298
55299
55300
55303
55305
55306
55307
55308
55310
55311
55312
55313
55317
55318
55320
55321
55323
55325
55327
55328
55329
55330
55332
55333
55334
55335
55336
55339
55340
55342
55343
55348
55349
55350
55351
55354
55355
55357
55359
55360
55361
55362
55366
55367
55370
55371
55372
55373
55379
55380
55384
55386
55387
55395
55399
554
55400
55401
55402
55403
55404
55405
55406
55410
55411
55413
55415
55416
55418
55419
55420
55421
55425
55427
55428
55432
55434
55435
55436
55438
55439
55440
55453
55454
55457
55458
55461
55464
55466
55467
55468
55474
55476
55478
55481
55491
55496
55497
55498
555
55500
55506
55507
55508
55509
55510
55511
55512
55513
55515
55516
55517
55518
55519
55520
55521
55525
55527
55528
55530
55532
55533
55534
55536
55540
55541
55542
55543
55544
55545
55546
55547
55549
55550
55551
55555
55556
55557
55558
55559
55560
55561
55565
55567
55569
55570
55572
55573
55574
55575
55576
55584
55585
55586
55587
55588
55589
55590
55592
55595
55597
55598
55599
55600
55603
55604
55606
55607
55609
55611
55613
55614
55615
55618
55619
55621
55622
55623
55626
55627
55629
55632
55635
55636
55637
55641
55642
55643
55644
55647
55649
55650
55652
55653
55655
55658
55659
55661
55663
55664
55666
55667
55668
55670
55671
55673
55674
55675
55676
55677
55678
55679
55687
55688
55691
55692
55693
55694
55695
55696
55697
55698
55699
557
55701
55702
55703
55704
55706
55707
55708
55709
55710
55711
55712
55713
55714
55715
55716
55717
55718
55719
55720
55721
55722
55723
55724
55725
55726
55728
55729
55730
55732
55733
55734
55735
55736
55737
55738
55739
55740
55745
55748
55755
55756
55757
55758
55759
5576
55761
55762
55763
55764
55774
55775
55777
55778
55779
55780
55781
55782
55783
55784
55785
55786
55788
5579
55791
55792
55793
55794
55796
558
5580
55800
55807
55808
55809
5581
55810
5582
55821
55822
55825
55826
55829
5583
55830
55832
55834
55835
55836
55837
55839
5584
55842
55843
55854
55855
5586
55860
55862
55866
55868
55869
5587
55870
55871
55873
55876
55878
55879
5588
55880
55882
55885
5589
55893
55895
55896
55898
559
5590
55902
55903
55904
55905
55907
55908
55909
55911
55912
55913
55914
55915
55916
55918
55921
55922
55923
55925
55926
55928
55930
55938
55939
55941
55945
55946
55947
55948
55950
55952
55956
55959
55962
55963
55974
55977
55984
55985
55986
55992
55994
55995
55997
560
56003
56009
56010
56013
56018
56019
56020
56021
56024
56025
56027
56032
56035
56040
56041
56046
56047
56049
56050
56055
56061
56062
56075
56078
56082
56087
56088
56089
56090
56092
56093
561
56100
56101
56102
56117
56121
56122
56127
56130
56132
56133
56134
56136
56142
56144
56147
56149
56151
56152
56153
56154
56157
56159
56160
56164
56168
56169
56170
56171
56173
56174
56176
56177
56178
56180
56181
56182
56188
56190
56191
56193
56194
56195
56196
56197
56198
562
56203
56204
56205
56209
56210
56211
56212
56213
56216
56222
56225
56230
56231
56232
56233
56235
56236
56240
56241
56242
56245
56246
56254
56257
56258
56262
56264
56269
56272
56273
56274
56275
56276
56277
56278
56279
56281
56283
56284
56286
56287
56288
56289
56290
56291
56292
56293
56295
56296
56298
56300
56304
56306
56310
56311
56312
56313
56314
56316
56317
56320
56321
56322
56323
56325
56326
56327
56329
56330
56333
56334
56335
56336
56337
56338
56340
56341
56342
56343
56344
56346
56347
56349
56350
56352
56353
56354
56355
56356
56359
56365
56366
56367
56368
56369
56370
56371
56372
56373
56374
56375
56376
56381
56382
56383
56386
56387
56390
56391
56393
56394
56397
56398
564
56401
56402
56403
56407
56410
56413
56417
56420
56421
56422
56423
56424
56426
56427
56428
56429
56430
56431
56432
56433
56434
56436
56437
56438
56440
56441
56442
56443
56444
56445
56447
56453
56454
56455
56457
56458
56459
56461
56462
56463
56464
56465
56466
56467
56468
56469
56471
56472
56473
56476
56478
56479
56480
56482
56483
56484
56485
56486
56487
56488
56489
56491
56493
56494
56495
56496
56497
56499
565
56502
56504
56505
56506
56507
56509
56510
56512
56513
56516
56518
56520
56521
56525
56526
56527
56528
56529
56530
56531
56532
56533
56534
56535
56536
56537
56538
56539
56540
56541
56543
56546
56550
56552
56554
56556
56557
56558
56559
56560
56561
56564
56565
56566
56567
56568
56569
56573
56574
56575
56576
56578
56579
56580
56581
56587
56591
56592
56593
56596
56597
56603
56604
56605
56606
56607
56608
56609
56610
56611
56612
56613
56618
56619
56620
56625
56626
56628
56635
56636
56637
56639
56640
56642
56643
56644
56645
56646
56647
56648
56650
56652
56653
56654
56659
56660
56661
56663
56665
56666
56667
56668
56669
56670
56672
56673
56675
56678
56679
56680
56681
56682
56683
56684
56685
56686
56690
56692
56693
56695
56696
56697
56699
567
56700
56703
56706
56707
56708
56711
56712
56714
56715
56716
56719
56732
56733
56734
56735
56736
56737
56738
56740
56742
56743
56744
56746
56748
56749
56750
56751
56753
56754
56755
56756
56757
56758
56759
56760
56761
56762
56763
56764
56765
56766
56769
56770
56772
56774
56775
56777
56778
56779
56784
56785
56786
56787
56789
56790
56795
56797
56798
56806
56808
56812
56813
56814
56815
56816
56817
56818
56821
56823
56824
56831
56832
56834
56835
56836
56838
56839
56840
56841
56843
56844
56845
56846
56847
56848
56849
56856
56857
56858
56860
56861
56863
56864
56865
56866
56871
56872
56873
56874
56875
56876
56878
56879
56882
56883
56884
56885
56886
56888
56893
56894
56895
56896
56898
56899
56900
56902
56903
56904
56905
56906
56907
56908
56911
56912
56913
56916
56917
56919
56941
56943
56945
56946
56947
56951
56957
56962
56966
56967
56968
56970
56971
56972
56973
56975
56976
56977
56978
56979
56980
56981
56982
56983
56984
56987
56988
56989
56990
56991
56992
56993
56994
56995
56996
56997
56998
56999
570
57000
57003
57004
57005
57008
57009
57012
57013
57014
57015
57018
57024
57025
57026
57027
57028
57033
57034
57035
57037
57038
57039
57040
57042
57043
57044
57045
57046
57049
57050
57051
57052
57053
57055
57056
57058
57059
57060
57061
57065
57066
57068
57075
57076
57077
57078
57081
57086
57091
57092
57093
57094
57097
57098
57105
57106
57107
57108
57110
57112
57115
57116
57118
57119
5712
57123
57124
57125
57126
57127
57128
57129
5713
57130
57131
57133
57134
57135
57136
57138
5714
57142
57144
57146
5715
57151
57152
57153
57154
57155
57159
5716
57160
57161
57162
57163
57164
57169
5717
57170
57171
57172
57174
57175
5718
57182
57183
57184
57185
57187
57188
57189
5719
57190
57191
57194
57195
57196
5720
57200
57201
57202
57206
57209
5721
57210
57211
57212
57213
57214
57215
57216
57217
57218
57219
5722
57220
57222
57226
57227
57228
57229
57232
57234
57235
57239
57240
57241
57243
57245
57250
57251
57253
57254
57255
57256
57257
57258
5726
57261
57263
57264
57267
57268
57269
5727
57271
57272
57273
57275
57276
57277
57278
57280
57285
57286
57287
5729
57292
57293
57299
5730
57300
57301
57302
57303
57304
57305
57307
57308
57309
5731
57310
57313
57314
57316
5732
57320
57321
57322
57323
57324
57325
57326
57327
57328
57329
5733
57330
57334
57338
57339
5734
57340
57342
57343
57344
57345
57346
5735
57350
57351
57352
57353
57354
57356
57357
57359
5736
57363
57364
57366
57367
57369
57370
57371
57372
57375
57376
57377
57378
57383
57386
57387
57388
57391
57393
57397
57398
57399
57400
57401
57403
57404
57405
57407
57409
57418
57419
57422
57423
57429
57430
57431
57432
57433
57434
57435
57436
57439
57441
57442
57443
57444
57445
57446
57447
57448
57449
57450
57452
57453
57454
57455
57456
57457
57458
57461
57464
57465
57466
57468
57469
57471
57472
57475
57476
57477
57478
57479
57482
57483
57485
57486
57490
57491
57493
57495
57497
57498
57500
57501
57502
57503
57504
57505
57506
57507
57508
57512
57513
57515
57516
57517
57518
57520
57525
57526
57528
57530
57531
57532
57533
57534
57535
57540
57543
57545
57546
57547
57552
57556
57557
57558
57561
57562
57563
57564
57565
57566
57567
57568
57571
57572
57573
57574
57576
57577
57584
57585
57586
57587
57588
57589
57590
57592
57593
57594
57595
57596
57597
57598
57600
57601
57602
57604
57605
57606
57609
57610
57611
57622
57628
57629
57630
57631
57632
57634
57642
57643
57645
57646
57648
57649
57651
57652
57653
57654
57655
57656
57658
57659
57660
57662
57663
57664
57666
57667
57668
57670
57673
57674
57675
57677
57678
57679
57680
57681
57682
57685
57686
57687
57688
57689
57691
57692
57694
57695
57696
57697
57698
57699
57701
57702
57703
57704
57705
57709
57712
57713
57714
57716
57717
57718
57720
57721
57722
57723
57724
57726
57728
57729
57730
57732
57733
57734
57735
57736
57737
57738
57739
57740
57742
57743
57744
57745
57746
57747
57748
57749
57750
57751
57752
57753
57754
57756
57759
57761
57762
57763
57764
57765
57766
57767
57768
57769
5777
57771
57772
57773
57774
57776
57779
57780
57781
57782
57790
57791
57792
57793
57794
57795
57799
57800
57801
57802
57803
57805
57806
57808
57810
57811
57812
57813
57817
57818
57819
57821
57822
57823
57825
57826
57827
57831
57832
57833
57835
57836
57839
57840
57841
57850
57851
57852
57853
57855
57860
57861
57867
57868
57869
57871
57872
57873
57874
57876
57880
57881
57882
57883
57884
57887
57888
57889
57891
57895
57896
57898
57900
57901
57902
57916
57918
57919
57920
57921
57922
57935
57936
57938
57939
57940
57942
57945
57946
57950
57951
57952
57953
57954
57955
57956
57957
57958
57964
57972
57973
57974
57980
57981
57982
57989
57993
57994
57995
57997
58000
58008
58009
58010
58012
58015
58016
58018
58020
58021
58024
58026
58028
58030
58031
58032
58034
58035
58036
58037
58039
58040
58042
58043
58044
58045
58046
58054
58069
58070
58072
58074
58075
58076
58077
58078
58079
58081
58082
58083
58084
58086
58088
58089
58090
58091
58093
58095
58096
58097
58098
58099
58100
58101
58104
58105
58106
58107
58108
58109
58112
58113
58114
58115
58117
58119
58121
58122
58123
58124
58125
58126
58127
58130
58131
58133
58134
58135
58136
58142
58143
58146
58147
58148
58150
58151
58156
58157
58158
58159
58168
58169
58170
58172
58173
58174
58175
58176
58177
58178
58179
58180
58182
58184
58186
58187
58188
58190
58191
58192
58193
58197
58198
58200
58202
58203
58204
58205
58206
58207
58209
58210
58211
58212
58213
58214
58215
58216
58218
58219
58220
58221
58222
58224
58225
58226
58227
58230
58231
58237
58238
58240
58241
58242
58243
58244
58245
58246
58247
58249
58251
58252
58256
58257
58258
58259
58260
58262
58263
58264
58265
58266
58267
58268
58269
58270
58271
58272
58273
58274
58276
58277
58279
58280
58281
58282
58283
58284
58288
58289
58294
58295
58296
58297
58299
58310
58311
58312
58313
58314
58316
58319
58320
58321
58322
58324
58326
58328
58329
58330
58331
58332
58333
58334
58336
58337
58339
58341
58342
58346
58347
58348
58349
58350
58351
58352
58353
58354
58355
58356
58358
58359
58360
58361
58362
58363
58364
58365
58366
58367
58368
58369
58373
58374
58375
58376
58380
58381
58382
58383
58384
58385
58386
58389
58390
58391
58392
58394
58395
58396
58400
58402
58403
58404
58405
58406
58407
58408
58409
58410
58411
58412
58413
58414
58415
58416
58417
58420
58421
58422
58423
58424
58425
58426
58427
58428
58439
58440
58441
58444
58449
58450
58451
58453
58454
58455
58456
58458
58459
58460
58461
58464
58467
58468
58469
58472
58475
58476
58477
58478
58479
58480
58483
58484
58485
58491
58493
58494
58495
5851
58593
58594
58595
58596
58597
58598
58599
58600
58601
58602
58603
58604
58605
58606
58607
58608
58609
58610
58611
58612
58613
58615
58616
58619
58620
58621
58623
58624
58635
58638
58646
58658
58662
58663
58666
58670
58671
58672
58675
58676
58679
58680
58681
58683
58689
58692
58699
5870
58701
58702
58705
58706
58708
58709
5871
58710
58711
58713
58717
58719
5872
58720
58721
58726
58727
58729
5873
58731
58733
58734
5874
58741
58744
5875
58752
58753
58754
5876
58771
58773
5878
58782
58783
5879
58791
5880
58801
5881
58819
5882
58820
58825
58827
58830
58832
58833
58834
58846
58847
58849
5887
58872
58875
58879
5888
58880
5889
58898
5890
58906
58907
58908
58910
58911
58912
58913
58914
58915
58916
58917
58918
58919
58920
58921
58922
58923
58924
58928
58929
58932
58936
58942
58951
58952
58954
58955
58973
58975
58976
58979
58980
58984
59000
59001
59002
59004
59006
59007
59008
59009
59010
59012
59013
59015
59020
59031
59034
59035
59036
59038
59039
59040
59079
59083
59086
59090
59091
59094
59095
59097
59098
59102
59104
59105
59109
59110
59111
59112
59113
59114
59118
59126
59128
59131
59133
59137
59138
59140
59142
59144
59145
59147
59148
59149
59157
59158
59160
59161
59167
59175
59176
59179
59182
59183
59186
59196
59210
59211
59212
59216
59217
59225
59231
59232
59233
59235
59237
5924
59246
59248
5925
59252
59254
5926
59266
5927
59273
59274
5928
59284
59286
59290
59291
59293
59302
59303
59306
59310
59314
59316
59317
59318
59319
59320
59321
59323
59324
59326
5933
59330
59331
59338
59341
59344
59355
59356
59357
59361
59362
59363
59365
59374
59376
59377
59380
59392
59396
59402
59403
59404
59408
59409
59412
59414
59423
59424
59428
59430
59439
59441
59446
59448
59451
59452
59457
59477
59482
59486
59487
59488
59489
5950
59507
59508
59514
59515
59517
59518
59525
5953
59533
59535
59536
59538
59541
59542
59558
59562
59566
59567
59568
59569
59575
59576
59577
59583
59593
59600
59601
59609
59611
59614
59623
59626
59630
59637
59638
59640
59647
59648
59652
59669
59670
59684
59685
59692
59697
59698
59706
59707
59710
59711
59715
59716
59719
59733
59735
59739
59740
59741
59745
59746
59748
59749
59758
59763
59764
59765
59766
59767
59768
59772
59776
59778
59779
59783
59784
59788
59795
59797
59798
59806
59808
59809
59810
59811
59813
59814
59815
59816
59824
59825
59826
59827
59831
59832
59833
59836
59837
59839
59841
59842
59846
59848
59849
59850
59851
59855
59856
59858
59880
59882
59888
59889
59895
59896
59900
59901
59902
59903
59907
59911
59915
59927
59931
59932
59933
59934
59938
59939
59947
59949
59950
59951
59952
59954
59955
59957
59958
59959
59960
59961
59962
59964
59965
59966
59968
59969
59970
59972
59982
59983
59984
59985
59986
59989
59990
59992
59993
59994
59995
59996
59997
59998
59999
6
60000
60003
60005
60009
60024
60025
60026
60027
60028
60029
60033
60034
60035
60037
60038
60039
60044
60047
60048
60049
60050
60051
60052
60053
60054
60055
60056
60057
60062
60063
60064
60065
60066
60070
60071
60072
60076
60077
60081
60086
60087
60088
60090
60091
60092
60093
60095
60096
60097
60098
60099
60100
60101
60102
60103
60104
60105
60107
60110
60111
60112
60113
60115
60118
60119
60120
60121
60125
60129
60130
60131
60132
60136
60143
60144
60145
60146
60150
60152
60153
60154
60155
60156
60157
60158
60159
60160
60161
60162
60165
60166
60167
60168
60169
60170
60172
60173
60174
60175
60180
60183
60185
60186
60187
60188
60189
60190
60191
60195
60196
602
60200
60201
60202
60205
60206
60207
60209
60210
60211
60212
60214
60215
60216
60217
60219
60220
60221
60222
60223
60224
60226
60227
60228
60229
60236
60245
60247
60249
60250
60255
60256
60257
60260
60263
60267
60268
60275
60276
60277
60278
60279
60283
60287
60288
60292
60296
60297
60298
60299
603
60300
60301
60305
60309
60310
60312
60315
60316
60317
60318
60319
60320
60322
60323
60324
60327
60329
60330
60335
60336
60344
60352
60353
60356
60357
60358
60366
60370
60371
60375
60376
60381
60384
60385
60388
60392
604
60405
60407
60408
60421
60422
60426
60428
60429
60430
60432
60433
60435
60436
60440
60442
60443
60449
60451
60452
60454
60455
60459
60460
60461
60462
60463
60465
60466
60467
60468
60470
60471
60472
60477
60493
60497
60498
60499
605
60503
60504
60506
60508
60515
60519
60521
60522
60525
60526
60528
60529
60531
60532
60533
60534
60536
60537
60538
60543
60544
60545
60546
60547
60552
60553
60555
60557
60558
60559
60560
60562
60563
60564
60568
60569
60570
60571
60575
60582
60589
60591
60592
60593
60596
60597
606
60601
60608
60610
60611
60612
60613
60616
60617
60623
60624
60625
60626
60627
60628
60629
60630
60631
60636
60637
60638
60639
60640
60644
60645
60647
60648
60650
60651
60655
60656
60657
60661
60665
60666
60676
60677
60678
60679
60683
60684
60685
60686
60687
60688
60694
60695
60696
60697
60698
60699
60700
60701
60702
60703
60704
60705
60711
60712
60718
60719
60723
60724
60725
60726
60729
60730
60732
60733
60734
60737
60738
60740
60741
60742
60743
60744
60747
60748
60749
60755
60756
60758
60760
60761
60762
60763
60765
60769
60770
60772
60774
60775
60777
60778
60779
60784
60785
60786
60796
60797
608
60801
60802
60803
60804
60810
60814
60815
60816
60817
60819
60821
60822
60827
60828
60829
60834
60838
60840
60841
60842
60843
60844
60845
60846
60849
60850
60851
60852
60853
60862
60869
60873
60874
60880
60881
60882
60883
60885
60886
60889
60890
60891
60897
60899
609
60900
60901
60902
60903
60904
60908
60913
60914
60916
60917
60918
60919
60921
60922
60927
60928
60929
60930
60932
60933
60937
60938
60942
60943
60944
60948
60949
60950
60955
60956
60957
60958
60963
60967
60969
60970
60971
60972
60973
60974
60975
60976
60977
60978
60982
60983
60984
60994
60996
60997
60998
60999
610
61000
61001
61003
61004
61006
61007
61008
61009
61010
61012
61013
61014
61015
61016
61017
61018
61019
61023
61024
61025
61027
61028
61034
61035
61037
61038
61040
61042
61043
61050
61059
61060
61061
61063
61064
61065
61073
61074
61078
61080
61081
61082
61084
61085
61086
61088
61089
61090
61094
61096
61097
61098
61102
61103
61107
61108
61110
61111
61112
61113
61120
61121
61122
61123
61124
61125
61126
61127
61128
61134
61136
61138
61139
61140
61142
61143
61148
61149
61150
61152
61154
61156
61158
61159
61161
61162
61163
61166
61167
61171
61172
61173
61174
61175
61176
61181
61182
61183
61184
61185
61189
61190
61191
61194
61196
61197
61198
61199
612
61200
61202
61203
61204
61205
61206
61207
61208
61210
61211
61212
61213
61214
61215
61216
61217
61218
61219
61220
61223
61224
61225
61226
61227
61228
61235
61236
61237
61239
61240
61241
61243
61244
61245
61246
61251
61252
61253
61255
61258
61259
61260
61262
61263
61264
61265
61266
61267
61268
61269
61270
61271
61272
61273
61275
61276
61277
61280
61281
61285
61286
61287
61288
61289
61290
61291
61292
61293
61296
61297
61298
61299
613
61301
61302
61303
61304
61305
61306
61307
61309
6131
61310
61311
61312
61313
61314
61315
61316
61321
61322
61323
61324
61325
61326
61328
61329
61330
61331
61332
61333
61334
61335
61336
61337
61338
61339
61341
61342
61349
61350
61351
61353
61354
61355
61356
61360
61364
61365
61366
61367
61368
61369
61370
61371
61372
61373
61374
61375
61376
61377
61378
61379
6138
61380
61381
61382
61383
61384
61385
61386
614
61401
61402
61403
61404
61405
61406
61407
61408
61409
61410
61411
61412
61413
61414
61415
61416
61417
61418
61419
61420
61421
61422
61423
61424
61425
61426
61427
61428
61429
61430
61431
61432
61433
61434
61435
61436
61437
61438
61439
61440
61441
61442
61443
61444
61445
61446
61447
61448
61449
61450
61451
61452
61453
61454
61455
61456
61457
61469
61470
61471
61472
61473
61474
61475
61476
61477
61478
61479
61480
61481
61482
61483
61484
61485
61486
61487
61488
61489
61490
61491
61492
61493
61494
61495
61496
61497
61498
61499
615
61500
61501
61502
61503
61504
61505
61506
61507
61508
61509
61510
61511
61512
61513
61514
61515
61516
61517
61518
61519
61520
61521
61522
61523
61524
61525
61526
61527
61528
61529
61530
61531
61532
61533
61534
61535
61536
61537
61538
61539
61540
61541
61542
61543
61544
61545
61546
61547
61548
61549
61550
61551
61552
61553
61554
61555
61556
61557
61558
61559
61560
61561
61562
61563
61564
61565
61566
61567
61568
61569
61570
61571
61572
61573
61574
61575
61576
61577
61578
61579
61580
61581
61582
61583
61584
61585
61586
61587
61588
61589
61590
61591
61592
61593
61594
61595
61596
61597
61598
61599
616
61600
61601
61602
61603
61604
61605
61606
61607
61608
61609
61610
61611
61612
61613
61614
61615
61616
61617
61618
61619
61620
61621
61622
61623
61624
61625
61626
61627
61628
61629
61630
61631
61632
61633
61634
61635
61636
61637
61638
61639
61640
61641
61642
61643
61644
61645
61646
61647
61648
61649
61650
61651
61652
61653
61654
61655
61656
61657
61658
61659
61660
61661
61662
61663
61664
61665
61666
61667
61668
61669
61670
61671
61672
61673
61674
61675
61676
61677
61678
61679
61680
61681
61682
61683
61684
61685
61686
61687
61688
61689
61690
61691
61692
61693
61694
61695
61696
61697
61698
61699
617
61700
61701
61702
61703
61704
61705
61706
61707
61710
61711
61712
61713
61714
61715
61716
61717
61718
61719
61720
61721
61722
61723
61724
61725
61726
61727
61728
61729
61730
61731
61732
61733
61734
61735
61736
61737
61738
61739
61740
61741
61742
61743
61744
61745
61746
61747
61748
61749
61750
61751
61752
61753
61754
61755
61756
61757
61758
61760
61761
61762
61763
61764
61765
61766
61767
61768
61769
61770
61771
61772
61773
61774
61775
61776
61777
61778
61779
61780
61781
61782
61783
61784
61785
61786
61787
61788
61789
61790
61791
61792
61793
61794
61795
61796
61797
61798
61799
61800
61801
61802
61803
61804
61805
61806
61807
61808
61809
61810
61811
61812
61813
61814
61815
61816
61817
61818
61819
61820
61821
61822
61823
61824
61825
61826
61827
61828
61829
61830
61831
61832
61833
61834
61835
61836
61837
61838
61839
61840
61841
61842
61843
61844
61845
61846
61847
61848
61849
61850
61851
61852
61853
61854
61855
61856
61857
61858
61859
61860
61861
61862
61863
61864
61865
61866
61867
61868
61869
61870
61871
61872
61873
61874
61875
61876
61877
61878
61879
61880
61881
61882
61883
61884
61885
61886
61892
61893
61894
61895
61896
61897
61898
61899
619
61900
61901
61902
61903
61904
61905
61906
61907
61908
61909
61910
61911
61912
61913
61914
61915
61916
61917
61918
61919
61920
61921
61922
61923
61924
61925
61926
61927
61928
61929
61930
61931
61932
61933
61934
61935
61936
61937
61938
61939
61940
61941
61942
61943
61944
61945
61946
61947
61948
61949
61950
61951
61952
61953
61954
61955
61956
61957
61958
61959
61960
61961
61962
61963
61966
61967
61969
61973
61974
61975
61976
61978
61980
61981
61982
61983
61984
61985
61986
61987
61988
61990
61992
61993
61994
61995
61996
61997
61998
61999
62000
62001
62002
62003
62004
62005
62006
62007
62008
62009
6201
62010
62011
62012
62013
62014
62015
62016
62017
62018
62019
62020
62021
62022
62023
62024
62025
62026
62027
62028
62029
62030
62031
62032
62033
62034
62035
62036
62037
62038
62039
62040
62041
62042
62043
62044
62045
62046
62047
62048
62049
62050
62051
62052
62053
62054
62055
62056
62057
62058
62059
62060
62061
62062
62063
62064
62065
62066
62067
62068
62069
62070
62071
62072
62073
62074
62075
62076
62077
62078
62079
62080
62081
62082
62083
62084
62085
62086
62087
62088
62089
62090
62091
62092
62093
62094
62095
62096
62097
62098
62099
62100
62101
62102
62103
62104
62105
62106
62107
62108
62109
62110
62111
62112
62113
62114
62115
62116
62117
62118
62120
62122
62124
62125
62126
622
62217
62218
62220
62256
62258
62265
62269
62270
62271
62272
62273
62274
62275
62276
6251
6266
627
628
629
630
632
633
6335
6339
634
635
636
637
638
6385
639
640
641
642
643
644
646
647
649
651
652
653
655
656
657
658
659
660
661
662
663
664
665
667
669
6697
670
671
673
674
676
677
678
679
680
681
683
6836
685
686
6873
6874
6875
6876
688
689
6895
690
691
692
694
6941
6942
695
6951
696
6962
6963
697
699
6991
6992
6993
6994
6995
700
702
7023
7024
7025
7026
7030
704
705
707
7070
709
711
712
7122
713
715
717
7176
718
719
720
721
723
724
7241
725
726
727
728
729
730
731
7317
7318
733
7354
7355
7356
7357
739
7393
740
741
742
743
744
745
746
747
7482
7483
7489
749
752
753
7532
754
7548
7549
7550
7551
757
758
7588
765
766
7663
767
768
769
77
771
772
773
774
775
776
777
778
779
78
781
782
783
784
788
79
7935
797
8
800
801
802
804
805
806
807
810
812
813
814
815
816
817
818
8186
819
820
821
8217
822
8237
8238
824
825
8254
826
828
829
830
831
8318
832
834
835
836
837
8376
8377
838
8380
839
840
841
843
844
845
847
8477
8478
848
85
850
8505
8506
851
852
853
854
855
856
858
859
86
860
861
862
864
865
866
868
869
870
871
872
873
874
876
877
878
879
8791
88
880
883
884
885
886
887
888
889
890
892
893
894
8942
895
896
8972
8973
9
900
9001
9002
9003
9004
9006
9009
901
9010
902
9030
9031
905
906
910
911
912
913
915
916
917
918
919
92
921
923
925
926
9268
927
9288
929
93
931
935
936
943
944
9509
9510
9512
9513
9514
9515
9519
952
9520
9522
9523
9526
9528
9530
9531
9532
9533
9534
9538
9563
9564
9565
9566
9567
9568
9569
9572
9599
9600
9640
965
967
97
971
9726
976
9760
9761
9766
9767
978
979
980
9805
981
983
9831
984
9853
986
987
988
989
990
991
992
9934
9935
9936
9939
994
9975
999