103596
104203
104371
108808
110634
111035
111177
111181
111203
111213
111230
111264
111295
111315
111317
111347
111354
111355
111371
111374
111376
111386
111399
111407
111411
111414
111421
111428
111429
111432
111439
111441
111443
111446
111447
111456
111459
111462
111467
111473
112340
113231
118950
119068
119860
2000
44787
44878
4533
45461
45682
46901
47043
47218
48185
48191
48257
48855
49320
49333
49448
49539
49577
49606
50041
50239
50686
51322
51578
51615
52144
52292
52722
52757
53144
53146
53181
53348
53359
53360
53378
53518
53557
53692
53735
53807
53862
53872
54463
54662
55266
55268
55692
55694
55912
55962
56170
56276
56333
56393
56487
56518
56746
56759
57202
57229
57429
57471
57898
57993
58035
58089
58105
58122
58209
58272
58297
58334
58421
61166
61167
61171
61172
61173
61174
61175
61176
61181
61182
61183
61184
61185
61189
61190
61191
61194
61196
61197
61198
61199
61200
61202
61203
61204
61205
61206
61207
61208
61210
61211
61212
61213
61214
61215
61216
61217
61218