10029
100621
100622
100626
100632
100641
100647
100668
101204
101229
101249
101375
101465
101511
101521
101556
101563
101574
101576
101595
101619
101622
102
10302
103197
103199
103204
103227
103242
103262
103273
103287
103296
103301
103447
103455
103475
103869
104005
104120
104185
104362
104398
109654
109670
109747
109808
109816
110667
110726
110736
110742
110755
110757
110796
110808
110815
110844
110870
110927
110943
110948
110952
110955
110962
110984
110989
110995
110996
111001
111033
111057
111058
111090
111095
111099
111147
111171
111186
111200
111211
111236
111243
111292
111372
111420
112403
112406
112410
112412
112416
112615
112685
112741
112843
112888
112985
113005
113037
113041
113060
113072
113097
113098
113126
113128
1167
118571
118922
119117
119986
120413
120538
120540
120541
120550
120588
120597
120598
120610
120690
120691
12358
1251
12905
1305
13187
1408
143
14623
1473
14897
1500
1620
1683
1700
1713
1721
1722
1725
1727
1788
1854
187
1934
1940
2029
2082
2090
2142
2145
2190
2242
2262
2294
235
2368
2563
2615
2618
2782
2978
3105
342
34780
34841
3582
36719
36839
36847
37121
3782
4302
43348
43551
43595
43633
43634
43673
43689
43751
43877
43941
44060
44215
44219
44389
444
4440
44435
44440
44510
44654
44758
44767
44788
44858
44889
44944
44947
45205
45260
45305
45336
45424
45433
45468
45566
45629
45645
45649
45797
45963
46194
462
46391
46408
46561
46602
46758
46788
46822
47157
47279
47344
47467
47756
48124
48581
48841
49016
49291
49292
49308
49438
49617
49681
50103
50179
50281
50341
50424
50489
50529
50628
50724
51034
51037
51248
51384
51475
51554
51581
51646
51762
51889
52167
52264
52376
52413
52562
52595
52704
52787
52932
53180
53385
53388
53400
53469
53667
53772
53785
53887
539
53926
53948
53950
53953
53959
53976
54040
54055
5412
5416
54250
54360
54373
54419
54429
54496
54513
5461
54678
5472
54728
54815
54864
54902
55043
55046
55095
55342
55518
55546
55584
55688
557
55726
55793
5583
55918
560
56078
56121
56180
56291
56336
56369
56471
56504
56528
56531
56552
56650
56685
56860
56884
56983
57034
57058
57075
57097
57151
57191
57209
5727
57293
57483
57584
57585
57588
57648
57776
57812
58042
58074
58090
58095
58219
58258
58339
58342
58491
58942
58951
58952
58954
58955
58973
58975
58976
61378
61489
61490
61491
61492
61493
61494
61495
61496
61497
61498
61612
61613
61614
61615
61616
61872
61873
61874
61875
61876
674
7024
7026
711
749
758
800
801
824
85
856
866
927
9534