110091
110230
110449
110466
118679
118751
118816
118824
118841
119152
119462
119919
13177
14614
1672
1979
2096
2781
2939
43680
44280
44317
44827
44920
45242
45280
45647
45918
46059
46111
46154
46164
46189
46300
46430
46478
46479
46556
46887
47079
47113
47191
47368
47446
47524
47849
48175
48341
48616
48781
49135
49393
49802
49847
50024
50558
51135
51328
52192
52527
53032
53062
53108
53121
53479
53511
53559
54346
54427
54630
54795
55085
55600
55885
56325
57125
57353
57354
57526
57744
58028
58158
58609
741
861