100346
100353
100360
100361
100364
100375
100377
100381
100384
100387
100391
100397
100399
100402
100408
100410
101383
101402
101411
101590
101627
101631
101639
102272
102274
102518
102527
103362
103384
103437
103473
103481
104313
104326
104350
104360
104375
104378
104381
104382
104384
104391
104402
104407
108470
108473
108476
108477
108532
108807
109447
109489
109496
109992
110652
112425
112426
112947
112957
118848
118854
118917
119970
120814
1604
44363
44730
44939
45325
45439
45749
47747
48980
49690
50322
50660
51033
51929
5243
52653
52808
53120
53179
53395
53566
53914
54317
54351
54359
54389
54470
54821
55116
55182
55542
55611
55711
56365
56422
56610
56636
56684
56818
56967
57219
57222
57253
57430
57525
57628
57697
57698
57939
57956
58000
58015
58157
58190
58211
58246
58333
58391
58451
58483
58494
60275
60276
60277
60278
60279
60283
60287
60288
60292
60296
60297
60298
60299
60300
60301
60305
60309
60310
60312
60315
60316
60317
60318
60319
60320
60322
60323
60324
60327
60329
60330
60335
60336
60344
60352
60353
60356
60357
60358
60366
60370
60371
60375
60376
60381
60384
60385
61380
61981
61982
61983
61984
61985
61986
61987
61988
61990
61992
61993
61994
61995
61996
61997
61998
61999
62000
62001
62002
62003
62004
62005
62006
62007
62008
62009
62010
62011
62012
62013
62014