100643
100644
100665
100671
100674
100677
100681
100686
100687
100689
10081
10083
101028
10120
101291
101296
101300
101309
101434
101506
101518
101534
101538
101554
101564
101573
101582
101584
103366
103387
103421
103446
103464
103500
103505
103506
103507
103553
103869
1040
104005
104120
104185
104219
104226
104232
104233
104236
104325
104396
108536
108562
108588
108610
108619
108624
108633
108654
108698
108700
109528
109692
109697
109799
109896
110793
110916
110946
111037
111241
112979
112981
113017
113021
113027
113088
113096
113131
113141
113144
117697
117952
1180
1182
118574
119117
120413
120562
120607
120640
120670
120698
1294
13154
13186
1388
1449
1514
1619
1835
187
1888
1906
1912
2111
2216
225
238
2392
25
2571
2616
2660
2698
2757
34745
3531
35389
39
401
4306
43648
43763
43869
43879
43938
43989
44
44052
44206
44247
44269
44301
44462
44511
44655
44676
44750
44758
4489
44909
44990
450
45036
4513
45308
45326
45425
45436
45479
45520
45545
45571
45579
45584
45689
45698
45753
45899
45936
46022
46116
46156
46362
46434
46559
4663
46768
47060
47088
47394
47452
47727
47852
47860
47876
47901
48023
48043
48054
48061
48084
48111
48135
48350
48399
48424
48466
48484
48521
48670
48762
48805
48872
48873
48917
49050
49091
49182
49233
49423
49440
49473
49508
49560
496
49763
49804
49828
49832
50196
50197
50299
50332
5035
50466
50520
50575
50588
50593
50671
50722
50780
50871
50934
50965
51157
51721
51730
51883
52012
52014
52150
52190
52305
52471
52651
53005
53080
53331
53349
53489
53549
53595
53632
53761
53894
53900
54050
54058
54070
54117
544
54496
54518
54557
5473
54806
54819
54838
54925
55201
55421
55663
55688
55757
55759
55763
55785
55788
5587
55870
55907
56134
56288
56330
56430
56438
56458
56463
56495
56533
56538
56546
56565
56628
56669
56675
56680
56785
56844
56981
57124
57133
57196
57210
57271
57316
57342
57383
57486
57589
57590
57595
57806
57882
58081
58218
58242
58355
58375
58382
58406
58426
5875
58872
58875
58879
58880
61479
61480
61481
61482
61483
61484
61485
61486
61487
61488
61867
61868
61869
61870
61871
685
689
692
697
771
8254
838