100352
100356
100366
100370
100371
100376
100386
100388
100395
100398
100400
100404
100843
101364
101371
101379
101409
101415
101419
101594
101621
101633
103460
103471
103497
104356
104365
104366
104383
108482
110637
118747
118759
118761
118894
118910
119003
119049
14618
14626
1708
2969
3237
4298
43705
44086
4423
44368
44518
44703
44884
45101
45189
45191
45232
45628
47150
47282
47306
47371
48078
48214
48331
48527
49795
49824
50000
50208
50455
50519
51335
51832
52030
52043
52133
52158
52191
52218
53010
53047
53119
53165
53269
53303
53398
53497
53647
53709
53864
54157
54404
54928
55070
56009
56050
56581
56647
56663
56754
56882
57081
57142
57174
57201
57431
57649
57659
57679
57680
57681
57720
57739
57767
57818
57835
57955
58018
58044
58104
58135
58174
58263
58288
58350
58380
58389
59911
59915
59927
59931
59932
59933
59934
59938
59939
59947
59949
59950
59951
59952
59954
59955
59957
59958
59959
59960
59961
59962
59964
59965
59966
59968
59969
59970
59972
59982
59983
59984
59985
59986
59989
59990
59992
59993
59994
59995
59996
59997
59998
59999
60000
60003
60005
62046
62047
62048
62049
62050
62051
62052
62053
62054
62055
62056
62057
62058
62059
62060
62061
62062
62063
62064
62065
62066
62067
62068
62069
62070
62071
62072
62073
62074
62075
62076
62077
62078
647