1019
109993
110091
110230
110449
110466
110648
110810
110935
111064
111111
111190
111205
111217
111226
111282
111287
111288
111309
111318
111320
111369
111391
111397
111402
111404
111405
111410
111415
111419
111422
111424
111433
111434
111442
111444
111449
111451
111452
111458
111460
111466
111469
111478
118679
118824
118841
119152
119462
2565
3803
43855
44066
44365
44661
44794
45180
45227
45483
45535
46091
46290
46639
46695
47147
47233
47373
47925
48241
48245
48498
48640
48890
49135
49441
49510
49792
49816
50054
50795
50997
51330
51469
51492
51727
51802
51910
51920
51989
52125
52374
52613
52641
52688
52896
53009
53158
53173
53369
53470
53574
53798
53897
54214
54435
55033
55045
55065
55191
55318
55659
55854
56635
56861
56973
57153
57213
57340
57364
57403
57869
57951
58008
58231
58259
58276
58392
58459
604
61335
61336
61337
61338
61339
61341
61342
61349
61350
61351
61353
61354
61355
61356
61360
61364
61365
61366
61367
61368
61369
61370
61371
61372
61373
61374
61375
61376