102474
103599
104359
109467
109712
110654
111477
113203
118742
118779
118947
118962
119006
119027
1533
1870
1904
1967
2663
2944
3881
411
43630
43691
43892
43951
44469
44675
44719
45114
45517
46127
46361
46459
46618
47029
47127
47225
47307
47743
48889
48892
49203
49328
49392
49514
49789
49791
49880
50171
50515
50551
50601
50675
50864
51026
51169
51579
51829
51834
51847
51901
52209
52257
52322
52546
52547
52553
52769
52774
52801
52889
53126
53132
53691
53809
53884
54022
54170
54546
54803
54981
55069
55300
55310
55530
55574
55644
55687
55825
56041
56174
562
56310
56311
56314
56665
56697
56765
56778
56966
57093
57189
57388
57400
57552
57813
57833
57884
57919
57952
57957
58069
58098
58134
58191
58273
58279
58282
58356
58390
58396
58444
61050
61059
61060
61061
61063
61064
61065
61073
61074
61078
61080
61081
61082
61084
61085
61086
61088
61089
61090
61094
61096
61097
61098
61102
61103
61107
61108
61110
61111
61112
61113
9009