103424
104205
104380
110644
1153
117467
120938
1679
2386
2791
2957
43284
43676
43841
44191
44259
44307
44735
4487
45278
45586
45635
45679
45789
45912
46108
46917
47051
47248
47354
47770
48105
48179
48308
48410
48533
48590
48665
48724
49007
49076
49099
49157
49742
49952
50121
50326
50612
50879
51097
51118
51206
51249
51332
51790
51858
51860
52072
52142
52189
52220
52303
52586
52870
53167
53301
53305
53347
5362
53664
53670
53958
54413
54467
54589
54604
54677
54811
54823
54955
55082
55157
55159
55279
55280
55286
55348
55428
55468
55498
56062
56338
56455
56591
56620
56711
56992
56998
56999
57039
57056
57138
5718
57188
57220
57268
57273
57404
57512
57766
57808
58114
58123
58268
58284
58373
58400
58420
58453
58469
58484
5925
60778
60779
60784
60785
60786
60796
60797
60801
60802
60803
60804
60810
60814
60815
60816
60817
60819
60821
60822
60827
60828
60829
60834
60838
60840
60841
60842
60843
60844
60845
60846
60849
60850
60851