100351
100374
100380
100393
100401
100406
101324
101381
101388
101412
101421
101577
101630
101632
101638
102533
103412
103438
103442
103443
103472
103474
103491
104353
104364
104408
10645
108469
108475
108479
108491
109444
109456
109488
110635
1153
117467
120938
2940
35223
35226
36841
43632
44894
45051
45516
45539
45921
45931
46571
46726
47943
48105
48724
49088
49157
49288
50323
50384
50447
50914
50990
51121
51125
51144
51156
51529
51894
52033
52311
52582
52705
52940
53302
54687
54823
55159
55277
55348
55761
55947
56040
56191
56216
56338
56539
56707
56735
56907
57110
57308
57399
57407
57457
57465
57753
57763
57994
57997
58108
58168
58216
58409
58411
58450
60661
60665
60666
60676
60677
60678
60679
60683
60684
60685
60686
60687
60688
60694
60695
60696
60697
60698
60699
60700
60701
60702
60703
60704
60705
60711
60712
60718
60719
60723
60724
60725
60726
60729
60730
60732
60733
60734
60737
60738
60740
60741
60742
60743
60744
60747
60748
60749
60755
60756
60758
60760
60761
60762
60763
60765
60769
60770
60772
60774
60775
60777
61921
61922
61923
61924
61925
61926
61927
61928
61929
61930
61931
61932
61933
61934
61935
61936
61937
61938
61939
61940
61941
61942
61943
61944
61945
61946
61947
61948
61949
61950
61951
61952
61953
61954
61955
61956
61957
61958
6335