100413
100419
100422
100431
100432
100446
100447
100449
100458
100459
101218
101273
1014
101426
101432
101442
101452
101485
101491
101533
101535
101547
101589
1017
102294
102348
102363
102375
102412
102420
102425
102435
102440
102443
10303
103398
103527
103532
103536
103538
103568
104222
104247
104248
104249
104274
104372
104395
108543
108549
108557
108586
108616
108659
108677
108704
108711
108746
109452
109461
109536
109546
109572
109575
109602
109641
109651
109652
109685
109709
109715
109766
109784
109879
109981
110158
110698
110748
110758
110759
110765
110768
110777
110840
110879
110951
110953
111082
111125
111128
111153
111154
111170
111232
111260
111313
111325
111395
111406
111427
11213
112761
113427
118753
118877
118896
118910
118951
120547
120646
120647
120685
120701
1208
121
1228
1298
1418
1423
1460
1482
1507
1583
1629
1712
1824
187
190
1941
1954
1970
2015
2156
2165
2177
2201
2252
228
2296
243
24408
2564
2610
2620
2659
2748
2841
2990
322
34835
35228
3525
36933
3749
3781
405
4251
43382
43401
43511
43608
43639
43647
43652
43661
43702
43806
43929
43964
44033
44315
44375
44377
44419
44443
44468
44604
44714
44742
44744
44758
44776
44828
44861
44892
45091
45110
45155
45157
45199
45241
45454
45534
45613
45669
45677
45729
45752
45760
45779
45817
45860
45869
46039
46212
46374
46387
46396
46431
46469
46522
46553
46599
47047
47132
47312
47343
47731
47760
47781
47862
479
48129
48160
48248
48311
48321
48351
48564
48591
48675
48743
48916
49069
4914
49267
49268
49317
49329
49439
49455
49462
49486
49827
49946
50045
50089
50124
50149
50221
50225
50377
50423
50468
50624
50635
50835
51288
51331
51459
51535
51566
51666
51700
51761
51794
51835
51840
51953
51977
52015
52052
52194
52269
52296
5240
52408
52481
52507
52584
52591
52745
52897
53186
53234
53263
53598
53674
53873
53939
53966
54131
54156
54336
54398
54515
54537
54751
54908
54921
55103
55241
55458
55551
55718
55725
55930
56136
56320
56461
56879
57587
58036
58096
58407
58427
5881
59423
59424
59428
59430
59439
59441
59446
59448
59451
59452
61519
61520
61521
61522
61523
61524
61525
61526
61527
61528
61641
61642
61643
61644
61645
61725
61726
61727
61728
61729
61904
61905
61906
630
723
753
797
840
870
886
910
986