100843
103383
103423
103436
103454
103463
103595
110645
11209
118759
118761
118768
118831
118888
118894
119003
119010
119049
1226
1956
2134
267
4292
43531
43574
4360
43692
43894
44087
44195
44312
44373
44578
44603
44679
44886
45073
45120
45238
45459
45711
45880
45979
46001
46083
46741
46869
46892
46956
47039
47050
47052
47054
47062
47065
47091
47825
47851
48181
48419
48494
48618
49127
49279
49373
49603
49616
49626
49716
49796
49820
49823
50009
51045
51072
51077
51719
51785
51921
52136
52364
52583
5266
52756
52767
52783
52873
52944
53002
53304
53306
53327
53673
53713
53752
53853
53858
53860
53952
54134
54196
54521
54681
54737
54756
54799
54929
54969
55088
55284
55321
55560
55903
55911
55963
56182
56292
56424
56468
56502
56642
56748
56916
56991
57024
57376
57409
57441
57443
57472
57482
57576
57675
57765
57900
57922
58012
58079
58093
58193
58322
58346
58467
60009
60024
60025
60026
60027
60028
60029
60033
60034
60035
60037
60038
60039
60044
60047
60048
60049
60050
60051
60052
60053
60054
60055
60056
60057
60062
60063
60064
60065
60066
60070
60071
60072
60076
60077
60081
60086
60087
60088
60090
60091
60092
60093
60095
60096
60097
60098
60099
60100
60101
60102
60103
60104
60105
60107
60110
60111
60112
60113
60115
60118
60119
60120
60121