100722
100727
100728
100731
100733
101429
101463
101466
101472
101476
101480
101481
101501
101507
101532
1020
102275
102278
102358
102369
102382
102389
102398
102403
102417
102430
10279
103386
103388
103403
103405
10341
103410
103448
103479
103480
103486
104292
104352
108559
108561
108565
108576
108613
108648
108655
108667
108674
108686
109469
110747
110950
111091
111199
111271
112
114
115
1153
117467
1197
120539
120552
120554
120618
120635
120938
1230
1292
13101
13199
1393
1401
1470
1492
1541
1648
1673
1784
1882
1959
203
2184
2271
2323
2405
2481
2579
2640
2658
2756
3068
3128
321
361
362
363
364
37119
3769
377
3884
43395
43460
43521
4364
4372
43741
43767
43937
44227
44354
44512
44713
44804
45341
45594
45622
45712
45719
45726
45864
45877
45884
45930
45932
45933
45957
45991
46097
46100
46150
46291
46463
46654
46702
46732
46757
46786
46840
47035
47095
47096
47117
47118
47120
47122
47319
47326
47339
47455
47497
47702
47742
47752
48031
48042
48086
48105
48231
48329
48423
48472
48551
48642
48724
48838
48874
48877
48915
49063
49157
49209
49687
50095
50177
50220
50223
50242
50361
50395
50598
50679
50726
50775
50811
51038
51067
51069
51104
51154
51232
51275
51278
51592
51963
52054
52057
52262
52351
52428
52472
52499
52759
528
53172
53409
53419
53552
53627
53640
5427
54289
54320
54439
54540
54691
54787
54796
54823
55058
55159
55334
55336
55348
55510
55756
5588
55985
56164
56293
56338
56371
56403
56486
56863
56905
57026
57135
57269
5729
57434
57508
57546
57646
57867
58124
58214
58257
58289
58365
58424
58454
58485
58658
58662
58663
58666
58670
58671
58672
58675
58676
58679
58680
58681
58683
58689
58692
5928
5950
616
617
61911
61912
61913
61914
61915
670
673
712
746
7532
765
859
9288