100634
100638
100639
100648
100653
100654
100655
100658
100662
100664
100666
100670
100673
100675
100676
100679
100680
100682
100683
100684
100688
100690
100698
10080
101307
101323
101325
101326
101359
101370
101377
101396
102320
102327
102329
102346
102351
102381
102394
102402
102409
102416
1027
10305
103193
103224
103232
103245
103246
103249
103308
103320
103323
103331
103409
103431
103470
103483
103534
103565
103578
103583
103584
103598
104261
104270
104281
104290
104303
109613
109632
109683
109696
109720
109739
109748
109802
109821
109822
109845
109848
109867
109872
109905
109915
109951
109954
109962
109978
10998
110601
110674
110677
110689
110712
110718
110719
110728
110780
110792
110809
110833
110839
110858
110871
110873
110892
110894
110912
110947
110986
111005
111010
111027
111038
111110
111114
111168
111183
111215
111227
111270
111273
111311
111339
111373
111480
112357
112364
112369
112385
112391
117387
117392
117409
117439
117443
118575
118950
119068
119860
120344
120574
120638
120662
120676
120742
1216
1237
1302
13170
13175
13214
1377
1379
1422
1451
1457
14613
1483
1510
1575
158
1605
1626
1674
1675
1706
1753
1764
1775
1781
1842
1872
2023
204
2106
2116
2124
2158
2202
2209
2243
230
2402
2463
2475
2581
2633
264
268
2680
2761
2922
2929
3030
3154
3327
340
3522
35238
370
3704
37040
3767
424
43077
43301
43340
43375
43377
43427
43544
43598
43683
43742
43933
43935
44011
44041
44255
44355
44382
44473
44474
44485
44501
44584
44652
44841
44850
44877
44924
45104
45116
45169
45350
45376
45419
45546
45549
45550
45551
45561
45563
45621
45727
45871
46002
46161
46186
46352
46474
46517
46601
46697
46721
46884
46894
47
47143
47235
47238
47357
47463
47565
47644
47689
47698
47761
47881
47893
47911
47918
48002
48094
48133
48192
48293
48411
48530
48537
48641
48714
48868
48882
489
48922
48934
48935
49004
49021
49064
49086
49105
49234
49265
49391
49581
49695
49764
50042
50049
50053
50117
50148
50218
50233
50344
50352
50390
50440
50449
505
50516
50570
50584
50600
50710
50778
50799
5082
50913
51083
51159
51214
51218
51291
51356
51393
51526
51597
51600
51634
51791
52013
52098
52099
52107
52270
52313
52345
52422
52765
52819
52864
52942
52946
53
53105
53117
53279
53298
53360
53378
53561
53645
53675
53692
53696
53735
53923
53949
54032
54068
54079
54097
54103
54106
54175
54205
54249
54255
54287
54418
54508
54535
54662
54905
55002
55137
55161
55193
55266
55312
55330
55343
55410
55476
55536
55643
55667
55692
55699
55738
55758
55781
55808
55839
5589
55995
56181
56190
56235
56264
56343
56373
56398
56432
56436
56760
56816
56840
56874
56908
56911
57118
57126
57130
57276
57302
57327
57339
57397
57495
57598
57630
57631
57651
57717
57732
57768
57855
57868
58037
58088
58142
58170
58179
58197
58349
61621
61622
61623
61624
61625
61779
61780
61781
61782
61783
61882
61883
61884
61885
61886
61959
61960
61961
61962
61963
61969
61978
61980
62017
62018
62116
62117
62118
62120
62124
62125
62126
632
6962
7025
724
834
8478
8942
8972
9565
965
9831
999