103367
103430
103450
103452
103482
104307
104354
104357
104390
109445
109458
10990
110646
110651
112339
118870
118900
118924
119036
119063
119086
119103
1362
2752
2975
3578
44472
44695
44945
44946
44965
45374
47089
47151
47513
48345
48546
48869
49501
49502
49524
49591
49752
50554
50757
50883
51183
51233
51820
51888
52648
52649
52729
52744
52846
52935
53040
53758
53820
54312
54628
54683
54684
55497
55590
56024
56046
56413
56543
56603
56660
56951
57043
57049
57092
57107
57154
57561
57733
57747
57836
57839
58043
58084
58251
58330
58395
58440
5870
60929
60930
60932
60933
60937
60938
60942
60943
60944
60948
60949
60950
60955
60956
60957
60958
60963
60967
60969
60970
60971
60972
60973
60974
60975
60976
60977
60978
60982
60983
60984
60994
60996
60997
60998
60999
61000
61001
61003
61004
61006
61007
61008
61009
61010
61012
61013
61014
61015
61016
61017
61018
61019
61023
61024
61025
61027
61028
61034
61035
61037
61038
61040
61042
61043
6992
8380