100623
100645
100649
101186
101327
101427
101438
101468
101470
101475
101493
101494
101500
101543
101552
10309
103189
103206
103209
103216
103219
103243
103254
103258
103268
103329
103869
104005
1041
104120
104185
109502
109542
109544
109548
109550
109562
109565
109571
109612
109658
109671
109704
109735
109763
109853
10986
109873
110908
110954
111013
111094
111126
111156
111175
111222
111392
111400
112996
113007
113009
113024
113056
113081
113112
113115
113116
113132
117388
117397
117420
119117
120413
120555
120560
120586
120596
120600
120601
120650
120686
120700
120712
12361
1300
1499
1543
1556
1610
174
1770
1819
1827
1828
187
1873
1893
1908
2003
2189
223
2359
2547
2746
2773
331
34980
432
43351
43438
43549
43866
43910
43923
44369
44379
44447
44594
44659
44758
44805
44873
44895
45152
45540
45590
45803
46130
46327
46343
46346
46508
46519
46694
46713
469
46944
47086
47207
47477
47483
47486
47723
47725
48205
48460
48531
48705
48871
49301
49693
50034
50056
50076
50080
50102
50291
50858
51075
51108
51312
52200
52596
5294
53207
53345
53437
54496
55200
55688
56493
56661
56758
5731
57688
58979
58980
61608
61609
61610
61611
61669
61698
61699
61700
61701
61702
688
6942
7317
7551
773
829
8505
9726
976