100516
100531
100552
100554
100586
100589
100594
100601
100603
100612
100614
100615
100616
100617
100618
10124
101284
101330
1018
10308
103369
103373
103374
103466
103512
103517
103533
103543
104221
104228
104230
104241
104264
108539
108540
108544
108553
108570
108578
108594
108608
108622
108662
109590
109593
109621
109630
109660
109673
109676
109741
109768
109777
109792
109803
109817
109840
109871
109882
109893
109957
109959
109963
110091
110230
110449
110466
110682
110696
110700
110714
110750
110753
110836
110859
110867
110876
110887
110938
110971
110973
111016
111052
111069
111089
111122
111143
111151
111212
111218
111231
111249
111253
111257
111259
111304
111337
118679
118824
118841
119152
119462
120551
120553
120568
120580
120594
120617
120630
120669
120693
120702
1221
12907
1301
13171
1459
1544
1763
185
1883
1895
1968
1987
2004
2098
2118
2139
2152
2183
2185
2215
227
2385
2417
2599
2783
2986
3113
320
3324
34838
352
371
42969
42972
43286
43307
43349
43387
43503
43504
43506
43570
43746
438
43873
43928
44031
44109
44235
44340
44357
4437
44395
44487
44491
44583
44628
4484
44972
45044
45059
45072
45095
45183
45371
45372
45417
45542
45776
4579
45956
46
46285
46390
46435
46466
4656
46570
46703
46889
46911
46942
47103
47412
47464
47476
47519
47570
47646
47696
47720
48052
48207
48240
48295
483
48637
48950
48960
49113
49135
49215
49376
49379
49472
49562
49623
50278
50369
50421
50597
50634
50878
50956
51039
51050
51138
51357
51458
51467
51479
51808
51927
51968
52049
52082
52183
52433
52479
52486
52503
52509
53188
53202
53244
53411
53416
53425
53631
53654
54411
54457
54608
54639
54664
55003
55203
55243
55260
55308
55701
55728
55735
55784
56241
56295
56604
56695
56838
56975
57078
57152
5730
57307
57375
57469
57477
57513
57534
57694
57738
57743
57772
57921
57936
58115
58188
58328
58456
59266
59273
59274
59284
59286
59290
59291
59293
61509
61510
61511
61512
61513
61514
61515
61516
61517
61518
61636
61637
61638
61639
61640
61710
61711
61712
61713
61714
61793
61794
61897
61898
61899
61900
61901
6874
715
7549
768
853
9523
9566