10031
100512
100522
100525
100527
100532
100539
100544
100550
100557
100558
100585
100590
101034
10129
101292
101319
101328
101331
101363
101624
102297
102307
102311
102312
102338
102356
102391
102422
102437
102855
10310
103392
103397
103753
109533
109637
109679
109711
109728
109743
109818
109823
109835
109839
109846
109862
109875
109910
110669
110673
110680
110684
110688
110737
110746
110822
110827
110852
110861
110877
110904
110905
110934
110958
110981
111006
111015
111030
111031
111045
111098
111103
111115
111138
111161
111185
111220
111303
111323
111349
111352
11206
112354
112359
112510
112659
113975
113976
115564
115971
117382
117414
117418
117451
117462
118315
120169
120633
120634
120666
120720
120746
1220
1231
1252
1257
1306
152
1553
161
1651
1755
1816
1974
1999
201
2031
2109
2132
2164
2194
22
2213
2293
23
2421
2476
2477
2479
251
2533
2560
2609
2762
290
2983
305
34695
34834
34975
35224
36838
36902
36934
3748
378
379
415
43292
43306
43376
43381
43444
43452
43514
43537
43550
4363
43637
43875
43919
43921
43993
44004
44324
44329
44438
44445
44690
44751
44799
44849
45028
45054
45061
45094
45111
45121
452
45212
45235
45239
45384
45589
45615
45685
45709
45736
45744
45937
45947
45952
45976
45997
46281
46407
46467
46511
46539
46606
46696
46707
46717
46803
46914
47013
47028
47045
47094
47108
47247
47278
47281
47360
47631
47827
47843
47880
47968
48108
48204
48226
48228
48283
48342
48360
48412
48870
49012
49067
49315
49326
49443
49464
49490
49658
49870
49945
49958
49960
49962
50036
50060
50138
50283
50512
50550
50580
50768
50831
5084
51027
511
51116
51151
51209
51210
51220
51222
51245
51311
51317
51319
51522
51537
51677
51706
51729
51811
51950
52055
52139
52140
52329
5234
52363
52435
52543
5256
52881
53068
53277
53295
53334
53382
53407
53493
53554
53589
53794
53854
54027
54065
54075
54077
54083
54085
54086
54114
54337
54458
54545
5467
54729
54765
54816
54826
5495
55153
55370
55372
55419
55420
55425
55461
55478
555
55609
55666
55729
55792
55809
55914
56010
56021
56075
56159
56277
56313
56366
56417
56420
56459
56512
56558
56756
56774
56797
56843
56900
56904
56917
57061
57263
57313
57321
57372
57450
57490
57502
57516
57567
57695
57703
57802
58150
58222
58249
5876
58984
59000
59001
59002
59004
59006
59007
59008
59009
59010
59012
59013
59015
5924
61810
61811
61812
61813
61814
61907
61908
61909
61910
628
636
651
725
7354
747
844
9519