103458
104202
104327
104328
110091
110230
110449
110466
110647
110650
110869
110930
111054
111223
111237
111300
111324
111329
111330
111332
111335
111340
111343
111345
111368
111379
111381
111390
111394
111396
111408
111409
111413
111417
111430
111431
111436
111438
111448
111450
111457
111461
111468
111472
111475
112930
118679
118824
118841
119152
119462
34774
44775
46851
47204
47332
47461
47973
48222
48639
48861
49135
49433
49516
49580
49710
50154
50501
50749
50863
50964
51702
52006
52016
52058
52101
52176
52333
52356
52558
52585
52601
52732
52821
52869
52939
53695
53753
53797
53867
54606
54923
55306
55386
55592
55598
55791
55836
56286
56287
56441
56473
57436
57458
57645
57689
57891
58127
58169
58177
58262
58337
58374
58381
58404
58423
61219
61220
61223
61224
61225
61226
61227
61228
61235
61236
61237
61239
61240
61241
61243
61244
61245
61246
61251
61252
61253
61255
61258
61259
61260
61262
61263
61264
61265
61266
61267
61268
61269
61270
61271
61272
61273
61275
9935