10028
100411
100423
100425
100454
100470
100477
100478
100480
100481
100482
100485
10088
101148
10127
10315
103376
103422
103433
104355
10682
108488
109878
109883
109897
109900
109952
110599
110676
110686
110690
110705
110729
110863
111009
111022
111173
111239
112345
112347
112365
112372
112376
116590
118735
1189
118960
118968
118983
119075
119153
120464
120534
120537
120602
120614
120655
120792
1288
1335
14
1448
14620
1519
1614
1697
1739
1823
1863
1939
2007
2032
21
2136
2146
2205
2214
2264
2268
2289
2409
2458
2528
2587
2625
2968
3005
34970
36900
37514
3834
410
43309
43361
43447
43448
43534
43626
43651
43701
43710
43730
43774
43872
43911
43914
43977
44276
44322
44417
44454
44709
44740
44753
44883
44931
45080
45130
45240
45438
45504
45929
45951
46220
46228
46365
46704
46733
46769
46868
46888
46938
46967
47083
47087
47101
47222
47276
47380
47390
47459
47624
47724
47874
48115
48188
48218
48427
48429
48433
48607
48908
49010
49026
49053
49065
49212
49246
49248
49271
49465
49554
49668
49682
49739
50075
50133
50181
50219
50251
50311
50351
50382
50413
50470
50836
51065
51150
51226
51260
51460
51471
51502
51520
51645
51725
52
52053
52156
52210
52217
52231
52423
5244
52700
52706
52849
53035
53036
53066
53095
53245
53282
53439
53455
53483
53644
53734
53737
53751
53760
53874
53911
54200
54219
54264
54273
54469
54633
54830
54833
54872
54999
55015
55141
55303
55387
55439
55585
55653
55675
55676
55717
55878
56122
56152
56197
56230
56356
56485
56509
56521
56770
56789
56865
57033
57328
57334
5734
57345
57883
58184
58321
58364
58493
5851
59583
59593
59600
59601
59609
59611
59614
61385
61588
61589
61590
61591
61592
61678
61679
61680
61681
61682
61752
61753
61754
61755
61756
658
679
690
6941
6995
700
7030
7393
775
777
784
835
9001
9268
991