10030
101037
101038
101039
101155
101159
102516
102517
102518
102519
102520
102521
102522
102523
102524
102525
102526
102527
102528
102529
102531
102532
103159
103181
1084
108493
108494
108500
108507
108509
108513
108515
108516
108517
108518
108519
108523
108524
108529
10856
10927
109470
109471
109472
109473
109474
109475
109476
109477
109478
109479
109480
109481
109482
109483
109484
109485
109486
109487
109492
110010
110089
112944
112946
112947
112948
112949
112950
112951
112954
112955
112957
112958
112959
112960
112961
112962
112963
112964
112966
112967
112968
112969
112970
12364
13179
1362
14607
1534
1573
1604
1650
187
1905
1955
1965
1983
2308
233
2430
2612
273
3251
3262
3313
34686
3517
3526
3578
37035
3751
4296
43294
43876
43898
43901
43906
43946
43980
44086
44518
44607
44670
44758
44801
4492
45060
45148
45373
45426
45452
45630
45764
45813
45916
46192
46334
46442
46452
46612
46915
47065
47572
47712
48104
48203
48263
48503
48504
48901
48929
49140
49811
51054
5247
52646
52647
52663
52668
52690
545
55197
58493
58494
58495
61377
61379
61380
61381
61382
61384
61385
61386
62256
62258
627
678
730
826
8380
852
880
944
9522
967
97
988