100737
100742
100743
100746
10121
101374
102277
102288
102300
102323
102332
102333
102377
102379
102392
102431
103395
1035
1043
104361
104387
10847
10849
10853
109453
109635
109733
109734
109749
109832
10988
10992
110939
110961
110985
111018
111056
111067
111085
111266
111267
111353
111476
11212
117389
117400
117407
117410
117440
118870
118900
118924
119036
119063
119086
119103
1304
1362
1436
14610
1686
171
1741
1758
1796
1841
1881
1891
2044
2112
2119
2131
2299
237
2432
2570
2596
2642
2771
2774
2926
3322
3323
3326
335
34783
3523
3578
3586
3774
425
431
43289
43293
43359
43435
43456
43682
43882
44297
44298
44413
44442
44507
44561
44754
448
44847
45075
45127
45245
45277
45624
457
45737
45790
45965
45996
46028
46102
46419
46460
46523
46861
46882
46997
47598
47863
47930
48020
48140
48198
48206
48261
48286
49057
49219
49380
49471
50147
50209
50264
50539
50568
50688
50752
50896
51281
51389
51390
51937
51991
52008
52040
52474
53275
53368
53436
53514
53555
53745
53972
54230
54349
54541
54581
54634
550
55196
55278
55416
55715
55730
56213
56327
56532
56941
57077
57564
57876
57895
58238
58635
58638
58646
5872
61805
61806
61807
61808
61809
619
644
671
733
8380
874
916
929
9520
994