100701
100705
100706
100707
100709
100710
100715
100718
100723
100729
100730
10082
10099
101141
101366
103391
103394
103404
103413
103531
103554
103573
103576
103587
104206
104259
104260
104262
104263
104304
104318
108551
108554
108555
108592
108602
108607
108620
108627
108651
1087
108717
109460
109578
109603
109646
109684
109691
109717
109746
109755
109762
109926
110609
110659
110675
110685
110706
110722
110779
110785
110842
110853
110893
110923
110963
110964
110999
111000
111021
111051
111063
111071
111134
111158
111191
111242
11216
112346
112355
112361
113004
113015
113023
113030
113047
113054
113107
113130
113137
113138
113615
113704
114433
114473
116046
116059
117199
117395
117413
117417
117428
117460
1178
118294
118870
118900
118924
119036
119063
119086
119103
119739
120535
120590
120591
120688
120733
1289
13182
1346
1362
1364
1367
1397
14624
1490
1498
1547
155
18
1836
191
1935
2237
2363
2367
2370
239
2390
2424
2456
2522
2592
2624
2776
285
2979
2985
3090
3229
3376
34687
34969
3578
36854
382
3885
43341
43449
43451
43520
43536
43543
43600
43643
43778
43844
44179
44407
44452
44531
44588
44598
44727
44752
44852
44885
44976
44995
45045
45147
45247
45279
45409
45427
45477
45494
45641
45806
45815
45816
45881
46080
46270
46328
46340
46356
46383
46547
46714
470
47030
471
472
47229
47318
47376
47468
47540
48
48001
48022
48199
48292
48330
48414
48461
48520
48595
48598
48615
48628
48946
48947
49019
49070
49145
49170
49270
49314
49341
49487
49599
49667
49756
499
49928
50230
50259
50432
50445
50484
50526
50653
50804
50893
51076
51087
51160
51213
51236
51315
51392
51430
51464
51473
51680
51839
51872
51907
51938
51981
52011
52059
52155
52163
52204
52330
52528
52701
52997
53007
53159
53222
53326
53356
53379
53476
53602
53623
53634
5364
53641
53743
53834
53896
53898
53944
53945
54401
54512
54611
54616
54792
54834
54984
55009
55044
55080
55092
55148
55211
55248
5528
55464
55513
55567
55642
55719
55720
55721
55722
55774
5581
55959
56274
56304
56346
56354
56359
56541
56672
56849
56878
57119
57277
57423
57517
57605
57722
57762
58054
58126
58187
58383
58415
58741
58744
58752
58753
58754
58771
58773
5878
58782
58783
6
61730
61731
61732
61733
61820
61821
61822
61823
61824
61916
61917
61918
61919
61920
643
661
665
6876
79
8380
9030
921
93