100619
100628
100630
100633
100635
100642
100646
100650
100652
100656
100659
100660
100661
100669
100672
100678
100692
100694
100695
100696
101235
101361
101384
101399
101416
101428
101450
101458
101496
101499
101502
101516
101540
101549
101550
102284
102302
102306
102314
102355
102365
102371
102372
102387
102436
103183
103240
103277
103299
103309
103358
103365
103375
103414
103509
103525
103541
103548
103579
103869
104005
104120
104185
104235
104237
104251
104288
104296
104394
104401
108489
108537
108556
108558
108575
108580
108591
108603
108611
108646
108679
109457
109549
109597
109655
109668
109751
109757
109780
109789
109797
109833
109838
109876
109884
109946
109948
110776
110784
110794
110849
110866
110933
110978
110992
111020
111039
111043
111048
111083
111093
111136
111159
111178
111189
111204
111214
111216
111248
111370
111375
111389
112362
112363
112383
112409
112411
112748
112984
113035
113048
113055
113061
113075
113078
113094
113104
113139
115341
117
117170
117381
117401
117421
117444
117472
119117
1199
120
120413
120575
120612
120623
120665
120695
123
1233
127
1316
1420
1429
144
1465
1512
1536
1582
1637
1639
167
1766
179
1808
1843
187
1885
1938
1957
1976
2052
2077
2079
2080
2110
2144
2155
2163
2303
2380
2393
2442
2444
2472
2478
255
2561
2585
2635
2661
277
278
2934
2958
324
32988
34690
34843
34979
3581
3743
3747
3840
4135
43
43290
43310
43436
43515
43559
43659
43711
43715
43725
43815
44027
44053
44348
4438
44490
44505
44580
44634
44669
44756
44758
44803
44925
44961
45068
45085
45145
45265
45306
45407
45498
45541
45650
45652
45690
45716
45741
45755
45778
45811
459
45943
45955
45988
46018
46101
46142
46163
46223
46318
46347
46377
46414
46607
46666
4671
46725
46739
46795
46910
46945
47085
47123
47124
47243
47257
47340
47535
47599
47622
47629
47647
47755
47780
47826
47903
47905
48083
48087
481
48109
48113
48215
48305
48601
48621
48636
48802
48945
48981
48999
49002
49044
49074
49092
49125
49223
49296
49309
49330
49387
49541
49582
49652
49671
49830
49844
50025
50078
501
50175
50214
50407
50443
50530
50720
51015
51056
51099
51251
51474
51505
51609
51610
51633
51738
51792
51806
51821
51873
51956
51973
52035
52266
52278
52352
52419
52518
52539
52579
52751
52851
5289
52988
53000
53115
53361
53366
53427
53499
53564
53733
53800
53808
53812
53821
53849
53882
53903
53935
53960
54028
54044
54060
54124
54496
54560
5463
54727
54867
54898
54906
55096
55185
55297
55329
55360
55401
55404
55405
55418
55512
55557
55607
55632
55641
55664
55688
55876
55879
55895
55994
56027
56032
56117
56147
56178
56195
56334
56390
56401
56428
56478
56556
56557
56566
56667
56682
56683
56737
56744
56885
56895
56899
56980
56988
57003
57235
57275
57280
57299
5733
57398
57418
57433
57468
57557
57600
57663
57686
57691
57749
57756
57780
57888
58076
58099
58213
58341
58478
5879
613
61383
61448
61449
61450
61451
61452
61453
61454
61455
61456
61457
61579
61580
61598
61599
61600
61601
61602
61693
61694
61695
61696
61697
61766
61767
61768
61769
61770
61862
61863
61864
61865
61866
61973
61974
61975
61976
62015
62016
62079
62080
62115
62122
717
744
7489
778
814
825
8376
854
913
919
92
990