103432
104369
108467
110821
110837
110960
110980
111019
111055
111149
111167
111194
111208
111252
111284
111305
111308
111326
111333
111365
111366
111382
111385
111401
111416
111418
111426
111435
111437
111440
111445
111453
111454
111455
111463
111464
111465
111470
112931
118870
118900
118924
119036
119063
119086
119103
1362
32982
34683
3578
43810
44966
46506
46727
47239
47515
48348
48374
48489
48569
49454
49666
49885
50549
50865
51035
51326
51828
51833
51871
52048
52282
52429
52556
52577
52578
52762
52797
52850
52852
52943
53264
53266
53433
53485
53646
53722
53813
54412
54764
54874
55000
55066
55291
55317
55361
55509
55541
55691
55977
56212
56353
56367
56775
57105
57596
58046
58280
58361
61276
61277
61280
61281
61285
61286
61287
61288
61289
61290
61291
61292
61293
61296
61297
61298
61299
61301
61302
61303
61304
61305
61306
61307
61309
61310
61311
61312
61313
61314
61315
61316
61321
61322
61323
61324
61325
61326
61328
61329
61330
61331
61332
61333
61334
8380