100427
100435
100438
100443
100450
100452
100455
100456
100465
101277
102285
102305
102322
102352
102353
102361
102364
102399
102401
102414
102855
103194
103207
103225
103235
103252
103271
103303
103316
103330
103355
103511
103526
103552
103569
103585
1036
103753
104256
104273
104286
104287
104294
108541
108547
108596
108597
108598
108660
108668
108669
108708
108709
109698
109706
109723
109732
109774
109812
109850
109858
109860
109865
109891
109894
109917
109924
109929
109940
109950
10997
109986
109989
110665
110671
110727
110740
110762
110770
110798
110872
110880
110909
110917
110967
110993
111100
111130
111145
111207
111238
111240
111246
111250
111256
111280
111331
111336
111346
111367
111378
111403
11214
112366
112379
112380
112384
112415
112994
113032
113034
113068
113076
113084
113086
113093
113125
113133
113975
113976
115564
116
117391
117404
117429
117435
117436
119075
120169
120636
120672
120692
120704
120747
1235
1396
1419
1421
1442
14608
1493
1503
1506
1550
1589
1590
1616
1640
1689
1692
1743
1762
1800
1821
192
1951
1958
1973
1984
2009
2019
2072
2087
2160
2188
224
2261
2302
2381
2400
2415
2523
2530
2539
2575
2583
2626
2982
307
3106
32904
3344
34842
34972
34974
35150
3530
36906
36940
37389
3780
389
4250
4294
43073
43082
43297
43333
43538
43539
43641
43650
43685
43712
43776
43808
43915
43969
441
44217
44251
44258
44277
44279
44326
44343
44346
44418
44461
44497
445
44596
44696
44706
44731
44765
44927
44960
44988
45246
45254
45294
45339
45493
45524
45544
45603
45683
45715
45725
45728
45800
45901
45959
46026
46057
46096
46182
46310
46367
46398
464
46432
46449
46557
4657
46710
46857
46881
46904
47206
47219
47275
47315
47335
47356
47460
47469
47500
47529
47534
47680
47916
48021
48168
48216
48337
48416
48430
48439
48552
48587
48746
48880
48897
49042
49075
49202
49275
49327
49349
49374
49408
49449
49485
4955
49592
49709
49797
49870
49962
50092
50129
50138
50142
50176
50207
50328
50335
50513
50571
50594
507
50873
50998
51184
51252
51297
51448
51522
51756
51757
51926
51934
5194
51975
52009
52010
52154
52261
52334
5236
52424
5248
5291
53057
53230
53333
53353
53355
53443
53447
53603
53608
53628
53747
53776
53835
53902
53908
54174
54394
54430
54564
5462
54636
54734
54890
54896
55313
55323
55349
55355
55619
55622
55748
55984
56203
56236
56352
56433
56534
56576
56821
56913
56976
56984
57127
5714
5715
57195
57350
57356
57704
58077
58354
58408
59457
59477
59482
59486
59487
59488
59489
612
61549
61550
61551
61552
61553
61554
61555
61556
61557
61558
61654
61655
61656
61657
61658
61734
61735
61736
61737
61738
61825
61826
61827
61828
61829
629
667
680
719
7355
848
871
905
9531
9568
987