100738
100739
100740
100741
100744
100745
100747
100748
100749
100750
102280
102309
102317
102318
102325
102376
102378
102413
102418
102428
103400
103502
103503
103520
103545
103570
103869
104005
104120
104185
1042
104211
104213
104234
104246
104269
104291
106
109451
109521
109538
109591
109592
109599
109713
109721
109759
109778
109791
109849
109857
109907
109908
109919
110735
111026
111041
111060
111113
119117
120413
120563
120564
120572
120592
120626
12273
1338
1647
1649
170
1820
187
1897
2030
2317
2394
2595
2690
2925
3580
36853
37152
43287
43342
43344
43371
43372
43374
43383
43384
43510
43669
43722
43754
43939
44194
44213
44266
44283
44398
44530
44758
44842
44890
44941
45042
45151
45340
456
45660
45992
45995
460
46133
4660
46779
47099
47230
47369
47508
48138
48309
48422
48600
48672
48994
49300
49394
49484
49507
49876
50098
50226
50333
50572
50690
50776
50888
50932
51162
51168
51466
51528
51867
52162
52317
52416
52437
53211
53360
53378
53547
53658
53692
53735
54018
5410
54474
54496
54645
54662
54740
54766
55014
55209
55266
55299
55511
55527
55688
55692
55810
55835
55905
56092
56133
56246
56342
56496
56525
567
56753
56831
56947
57040
57228
57278
57920
58215
58615
58616
58619
58620
58621
58623
58624
61593
61594
61595
61596
61597
61852
61853
61854
61855
61856
6873
6993
731
752
816
9572